10
-6.815 -0.668 1.607
-5.714 0.002 2.373
-4.357 -0.673 2.588
-3.381 0.125 2.953
-2.062 -0.39 3.274
-1.636 0.175 4.6
-1.095 -0.7 5.415
-0.572 -0.311 6.669
0.84 -0.854 6.792
1.81 0.002 7.023
3.191 -0.429 7.101
3.911 0.258 8.229
4.364 -0.527 9.189
5.067 0.02 10.326
4.271 0.817 11.296
3.492 0.104 12.073
2.585 0.677 13.085
3.006 0.047 14.361
3.481 0.887 15.262
4.163 0.392 16.442
3.424 0.965 17.631
3.173 0.129 18.647
2.559 0.516 19.903
3.35 -0.122 21.014
4.067 0.688 21.768
4.888 0.205 22.851
4.35 0.769 24.174
4.065 -0.12 25.151
3.72 0.313 26.515
4.941 0.14 27.42
