25
13.815 40.956 17.715
12.521 41.361 17.174
12.664 42.683 16.443
11.677 42.959 15.597
11.705 44.088 14.661
10.361 44.782 14.672
10.323 46.018 14.191
9.062 46.71 13.982
8.188 45.885 13.053
6.878 45.805 13.318
6.005 45.02 12.437
6.057 45.449 10.981
6.323 46.718 10.72
6.38 47.204 9.349
7.61 46.63 8.642
8.705 46.469 9.383
9.925 45.881 8.846
9.719 44.385 8.601
9.02 43.68 9.494
8.707 42.288 9.227
7.867 42.157 7.966
6.886 43.02 7.815
6.029 42.958 6.637
6.81 43.189 5.371
7.678 44.173 5.376
8.506 44.471 4.217
9.42 43.309 3.861
9.937 42.594 4.85
10.828 41.488 4.586
10.057 40.354 3.946
8.834 40.115 4.417
7.986 39.073 3.845
7.672 39.387 2.39
7.317 40.631 2.124
6.968 41.046 0.773
8.178 40.922 -0.15
9.347 41.309 0.333
10.528 41.171 -0.463
10.854 39.744 -0.805
10.765 38.819 0.125
11.079 37.433 -0.161
10.061 36.856 -1.131
8.792 37.192 -0.958
7.775 36.668 -1.86
7.965 37.233 -3.257
8.422 38.477 -3.346
8.706 39.09 -4.63
9.787 38.337 -5.352
10.849 37.942 -4.667
11.923 37.186 -5.28
11.457 35.782 -5.668
10.629 35.155 -4.838
10.138 33.827 -5.152
9.291 33.866 -6.411
8.388 34.822 -6.486
7.514 34.941 -7.656
8.318 35.219 -8.93
9.357 36.043 -8.811
10.235 36.37 -9.934
10.915 35.114 -10.472
11.441 34.295 -9.57
12.118 33.063 -9.948
11.154 32.087 -10.617
9.984 31.893 -10.029
8.98 30.982 -10.6
8.523 31.44 -11.979
8.414 32.752 -12.163
8.009 33.311 -13.457
9.059 33.005 -14.519
10.331 33.144 -14.158
11.416 32.941 -15.104
11.619 31.474 -15.425
11.28 30.587 -14.493
11.437 29.153 -14.711
10.235 28.592 -15.447
