50
27.714 15.214 24.449
26.66 15.118 25.498
25.694 16.291 25.431
25.489 16.808 24.224
24.588 17.932 24.022
23.166 17.429 23.797
22.216 18.025 24.507
20.821 17.628 24.386
20.268 18.083 23.042
19.235 17.394 22.566
18.616 17.741 21.29
17.529 18.79 21.459
17.531 19.782 20.572
16.538 20.85 20.612
15.418 20.535 19.626
14.297 21.234 19.758
13.164 21.011 18.871
13.54 21.416 17.45
14.326 22.48 17.332
14.758 22.958 16.027
15.624 21.904 15.348
16.484 21.248 16.124
17.338 20.202 15.572
16.495 19.024 15.1
15.507 18.641 15.901
14.646 17.525 15.531
13.903 17.82 14.239
13.43 19.053 14.094
12.698 19.432 12.893
13.624 19.408 11.681
14.821 19.97 11.831
15.784 19.972 10.736
16.089 18.529 10.358
16.305 17.692 11.368
16.611 16.282 11.144
15.534 15.596 10.313
14.279 15.795 10.699
13.158 15.187 9.989
13.069 15.627 8.529
13.251 16.922 8.28
13.175 17.451 6.922
14.364 17.026 6.08
15.529 16.922 6.708
16.726 16.497 5.996
16.547 15.06 5.513
15.954 14.22 6.358
15.731 12.824 6.002
14.652 12.69 4.936
13.604 13.494 5.052
12.52 13.432 4.084
13 13.825 2.686
13.918 14.784 2.613
14.43 15.252 1.327
15.593 14.437 0.758
16.402 13.842 1.63
17.566 13.088 1.178
17.503 11.582 1.352
16.595 11.111 2.196
16.51 9.682 2.426
17.529 9.286 3.477
17.626 7.99 3.763
18.545 7.499 4.787
19.728 6.655 4.307
20.014 6.667 3.009
21.131 5.879 2.49
22.499 6.418 2.906
22.551 7.682 3.308
23.817 8.277 3.725
23.59 9.199 4.916
23.845 8.699 6.121
23.656 9.517 7.311
24.708 10.604 7.448
25.763 10.517 6.647
26.8 11.541 6.695
26.292 12.807 6.013
25.374 12.647 5.063
24.796 13.803 4.38
23.908 14.532 5.383
23.089 13.761 6.088
22.187 14.313 7.089
22.979 15.029 8.185
23.988 14.355 8.727
24.812 14.925 9.795
25.565 16.182 9.374
25.887 16.285 8.089
26.619 17.442 7.585
25.888 18.753 7.874
24.57 18.683 8.048
23.779 19.885 8.289
23.303 20.084 9.725
23.865 19.299 10.639
23.541 19.399 12.052
24.859 19.519 12.823
25.313 20.761 13.069
26.565 21.005 13.794
26.66 20.226 15.096
27.825 19.623 15.314
28.1 18.831 16.508
27.361 17.5 16.582
26.741 17.091 15.48
26.039 15.809 15.443
26.721 14.937 14.399
26.976 13.683 14.75
27.619 12.753 13.832
26.557 11.939 13.11
26.984 11.166 12.117
26.053 10.335 11.365
25.301 9.378 12.287
26.013 8.755 13.223
25.38 7.823 14.157
24.4 8.527 15.096
24.767 9.712 15.573
23.887 10.451 16.471
22.605 10.842 15.751
22.721 11.156 14.464
21.553 11.535 13.684
20.646 10.338 13.431
21.226 9.188 13.097
20.401 8.007 12.865
19.672 7.626 14.151
20.398 7.595 15.264
19.781 7.237 16.538
18.654 8.188 16.939
18.864 9.489 16.767
17.836 10.464 17.123
16.612 10.302 16.23
16.853 10.057 14.948
15.767 9.884 14.005
14.897 8.698 14.418
15.533 7.594 14.796
14.796 6.408 15.224
13.943 6.717 16.454
14.44 7.605 17.31
13.73 7.992 18.529
12.53 8.889 18.254
12.704 9.854 17.357
11.633 10.782 17.025
10.501 10.099 16.264
10.8 8.959 15.651
9.791 8.211 14.911
8.899 7.437 15.876
9.479 6.994 16.986
8.732 6.23 17.978
9.173 6.587 19.394
8.525 7.593 20.003
8.857 8.028 21.363
8.992 6.85 22.327
10.228 6.543 22.707
10.507 5.439 23.619
9.811 5.609 24.965
