100
10.072 -8.24 33.365
9.554 -7.706 32.048
8.429 -8.578 31.544
7.472 -7.979 30.859
6.423 -8.711 30.222
6.202 -8.115 28.849
5.953 -8.975 27.89
5.534 -8.514 26.597
4.324 -9.315 26.17
3.372 -8.619 25.562
2.088 -9.191 25.175
1.682 -8.645 23.819
1.308 -9.554 22.92
0.874 -9.208 21.566
-0.484 -8.518 21.611
-0.641 -7.414 20.869
-1.978 -6.838 20.832
-3.005 -7.733 20.137
-4.224 -7.713 20.659
-5.404 -8.151 19.922
-5.843 -6.968 19.059
-6.31 -7.253 17.846
-6.693 -6.216 16.889
-8.087 -6.509 16.342
-8.975 -5.537 16.501
-10.349 -5.604 16.001
-10.629 -4.393 15.134
-11.227 -4.639 13.97
-11.508 -3.605 12.995
-13.001 -3.657 12.651
-13.658 -2.527 12.803
-15.116 -2.469 12.689
-15.568 -1.058 12.4
-16.831 -0.938 11.996
-17.414 0.354 11.675
-18.598 0.63 12.593
-18.776 1.915 12.888
-19.849 2.399 13.727
-20.386 3.742 13.233
-21.695 3.908 13.39
-22.366 5.199 13.214
-22.653 5.793 14.569
-22.212 7.035 14.823
-22.562 7.658 16.099
-24.059 7.905 16.129
-24.699 7.587 17.246
-26.163 7.618 17.284
-26.726 9.038 17.088
-25.939 10.034 17.492
-26.318 11.445 17.392
-26.131 12.003 15.971
-25.476 11.235 15.1
-25.197 11.683 13.738
-25.098 10.46 12.82
-26.229 9.803 12.613
-26.264 8.463 12.051
-25.829 8.292 10.61
-25.829 9.386 9.851
-25.35 9.342 8.48
-23.832 9.26 8.408
-23.159 9.65 9.483
-21.714 9.547 9.519
-21.309 8.134 9.937
-20.119 7.732 9.499
-19.637 6.354 9.663
-18.171 6.439 10.016
-17.738 5.622 10.984
-16.385 5.644 11.509
-15.746 4.291 11.345
-14.519 4.33 10.841
-13.656 3.162 10.752
-12.836 3.106 12.042
-12.904 1.972 12.741
-12.254 1.795 14.037
-11.263 0.659 14.014
-10.105 0.901 14.615
-9.144 -0.139 14.923
-8.905 -0.117 16.416
-9.317 -1.179 17.101
-9.134 -1.266 18.535
-8.03 -2.29 18.818
-6.94 -1.795 19.375
-5.717 -2.559 19.575
-5.551 -2.706 21.096
-5.66 -3.942 21.602
-5.866 -4.147 23.033
-4.886 -5.087 23.703
-4.616 -4.785 24.97
-3.915 -5.696 25.86
-2.423 -5.83 25.608
-1.808 -4.809 25.05
-0.409 -4.912 24.605
0.619 -4.353 25.582
1.82 -4.924 25.53
2.941 -4.402 26.265
4.205 -4.861 25.531
5.221 -3.98 25.404
5.296 -2.584 25.844
4.341 -1.713 25.042
4.217 -0.473 25.458
3.307 0.462 24.812
3.783 0.956 23.442
5.076 0.804 23.122
5.58 1.218 21.822
4.788 0.487 20.75
4.297 1.211 19.759
3.446 0.608 18.756
3.294 1.525 17.565
3.031 0.928 16.408
2.707 1.671 15.197
1.38 1.126 14.671
0.45 2.028 14.386
-0.894 1.659 13.967
-1.341 2.596 12.863
-1.797 2.02 11.758
-2.391 2.803 10.664
-3.692 2.196 10.194
-4.568 3.061 9.71
-5.71 2.622 8.966
-5.314 2.686 7.492
-5.768 1.698 6.726
-5.459 1.57 5.288
-6.745 1.631 4.467
-6.664 2.338 3.335
-7.71 2.312 2.296
-7.026 1.783 1.052
-7.5 0.644 0.561
-6.908 -0.006 -0.616
-5.393 -0.083 -0.474
-4.952 -0.53 0.707
-3.528 -0.753 1.002
-2.666 0.468 1.274
-3.25 1.655 1.147
-2.625 2.963 1.299
-2.919 3.554 2.679
-1.894 3.962 3.422
-2.092 4.548 4.733
-3.032 5.763 4.629
-4.024 5.83 5.52
-4.884 7.002 5.69
-4.16 7.994 6.603
-3.863 9.182 6.074
-3.049 10.164 6.802
-3.84 10.924 7.867
-5.108 11.185 7.589
-5.938 11.941 8.496
-6.742 10.937 9.308
-6.312 10.69 10.546
-7.072 9.865 11.49
-7.334 10.746 12.7
-8.598 11.106 12.866
-8.963 12.182 13.784
-8.973 11.815 15.265
-9.024 10.523 15.583
-9.075 10.084 16.985
-8.051 8.985 17.274
-7.264 9.181 18.331
-6.288 8.184 18.784
-6.28 8.203 20.306
-7.016 7.273 20.909
-7.258 7.279 22.346
-6.525 6.118 23.022
-5.544 6.455 23.86
-4.674 5.474 24.521
-4.952 5.481 26.001
-5.03 4.277 26.549
-5.228 4.087 27.974
-4.472 2.854 28.436
-4.4 2.681 29.746
-3.816 1.465 30.318
-4.63 0.972 31.501
-4.538 -0.322 31.766
-5.263 -0.951 32.872
-4.31 -1.082 34.06
-4.701 -1.996 34.947
-4.126 -2.063 36.285
-2.812 -2.804 36.192
-2.767 -3.769 35.278
-1.544 -4.521 35.024
-0.661 -3.918 33.913
-0.929 -2.676 33.5
-0.054 -1.918 32.552
-0.017 -2.435 31.105
-1.001 -3.253 30.832
-1.637 -3.473 29.541
-2.193 -2.185 28.96
-1.863 -1.952 27.699
-2.3 -0.756 26.971
-3.429 -1.072 25.992
-4.216 -0.047 25.716
-5.422 -0.127 24.905
-5.44 1.111 24.042
-5.627 0.915 22.738
-5.669 2.021 21.792
-6.892 1.902 20.887
-7.679 2.969 20.825
-8.749 3.081 19.857
-8.332 4.146 18.86
-8.202 3.726 17.609
-7.719 4.562 16.547
-8.812 4.584 15.509
-9.422 5.748 15.285
-10.623 5.78 14.468
-10.855 7.1 13.804
-11.605 7.064 12.704
-11.828 8.271 11.925
-13.026 8.102 11.001
-13.618 9.225 10.633
-14.742 9.198 9.709
-14.312 8.659 8.351
-15.159 7.822 7.772
-14.939 7.317 6.421
-16.247 7.151 5.684
-16.127 6.936 4.381
-17.283 6.814 3.505
-17.058 5.593 2.619
-17.31 4.388 3.158
-17.014 3.17 2.422
-17.889 3.002 1.18
-17.31 2.434 0.129
-18.058 1.94 -1.012
-17.843 0.438 -1.017
-18.571 -0.277 -1.864
-18.448 -1.737 -1.901
-17.172 -2.212 -2.612
-16.525 -1.324 -3.364
-15.276 -1.656 -4.065
-14.021 -1.394 -3.211
-14.125 -0.496 -2.238
-12.961 -0.131 -1.434
-12.746 -1.12 -0.294
-11.476 -1.367 0.018
-11.086 -2.33 1.032
-10.372 -1.56 2.141
-10.855 -1.7 3.372
-10.247 -1.022 4.521
-9.616 -2.02 5.471
-8.606 -1.562 6.203
-7.881 -2.433 7.108
-7.136 -1.612 8.147
-6.577 -2.32 9.118
-5.724 -1.735 10.129
-4.419 -2.502 10.115
-3.324 -1.765 10.121
-1.975 -2.336 10.12
-1.27 -1.974 11.407
-0.776 -3 12.094
-0.132 -2.821 13.384
1.283 -3.412 13.36
2.243 -2.637 13.862
3.551 -3.203 14.155
3.894 -2.992 15.605
4.515 -4.014 16.173
4.823 -4.083 17.589
5.986 -5.047 17.751
6.741 -4.939 18.847
7.915 -5.797 19.026
7.586 -7.294 19.039
6.367 -7.632 19.451
5.916 -9.019 19.502
5.556 -9.579 18.124
5.508 -8.717 17.109
5.07 -9.104 15.786
6.227 -9.068 14.824
6.625 -10.234 14.319
7.799 -10.307 13.446
7.552 -9.622 12.102
6.305 -9.609 11.668
5.921 -8.797 10.514
4.696 -7.991 10.868
4.493 -6.848 10.196
3.261 -6.104 10.454
2.024 -6.97 10.302
1.077 -6.804 11.21
-0.182 -7.512 11.125
-1.238 -6.63 10.465
-1.872 -7.153 9.414
-2.955 -6.43 8.726
-4.267 -7.178 8.957
-5.239 -6.462 9.513
-6.553 -6.998 9.806
-7.55 -6.212 8.973
-8.317 -6.926 8.162
-9.261 -6.273 7.28
-10.551 -5.899 8.002
-11.18 -4.834 7.51
-12.585 -4.577 7.791
-13.366 -5.494 6.864
-14.035 -6.462 7.457
-14.813 -7.407 6.679
-16.141 -6.781 6.286
-16.659 -7.231 5.152
-17.888 -6.705 4.598
-19.029 -6.999 5.559
-19.599 -5.965 6.162
-20.669 -6.176 7.131
-20.292 -5.796 8.561
-18.999 -5.599 8.809
-18.489 -5.331 10.156
-18.394 -3.839 10.473
