513
3.861 14.929 11.095
3.005 15.524 12.113
3.373 15.012 13.501
4.124 15.82 14.264
4.505 15.459 15.635
3.285 15.277 16.53
3.458 14.535 17.617
2.378 14.317 18.57
2.376 15.421 19.628
1.978 16.627 19.229
1.993 17.766 20.152
0.977 17.596 21.269
1.396 17.896 22.492
0.488 17.864 23.631
0.445 19.234 24.3
-0.736 19.633 24.791
-0.903 20.997 25.304
-0.241 21.234 26.662
0.257 22.449 26.856
0.726 22.857 28.169
-0.489 23.156 29.043
-0.303 23.146 30.372
-1.369 23.571 31.284
-1.901 24.937 30.889
-3.185 25.162 31.125
-3.817 26.378 30.656
-3.34 27.603 31.418
-3.537 28.755 30.792
-3.255 30.034 31.408
-3.979 30.126 32.743
-5.221 29.648 32.775
-6.058 29.732 33.973
-5.522 28.873 35.109
-4.958 27.718 34.764
-4.356 26.843 35.753
-3.069 27.436 36.315
-2.308 28.125 35.474
-1.042 28.721 35.914
-1.249 30.024 36.682
-2.254 30.79 36.262
-2.498 32.123 36.81
-3.948 32.325 37.248
-4.329 31.678 38.353
-5.697 31.84 38.849
-6.016 33.304 39.14
-7.238 33.712 38.792
-7.733 35.087 38.945
-7.168 36.076 37.938
-6.33 35.598 37.02
-5.835 36.458 35.94
-6.617 36.255 34.646
-6.74 37.32 33.855
-7.246 37.194 32.491
-6.256 37.774 31.496
-6.235 37.214 30.289
-5.452 37.803 29.208
-6.275 38.934 28.622
-5.634 40.077 28.415
-6.286 41.254 27.856
-5.428 41.831 26.732
-5.985 42.774 25.975
-5.189 43.497 24.986
-5.558 44.969 25.023
-4.556 45.832 24.913
-4.78 47.259 24.755
-4.768 47.592 23.262
-5.859 48.166 22.76
-5.927 48.531 21.343
-5.42 49.946 21.106
-4.472 50.077 20.188
-3.977 51.384 19.802
-3.926 51.405 18.287
-3.947 52.603 17.721
-3.921 52.758 16.28
-2.592 53.311 15.828
-1.982 52.637 14.863
-0.793 53.151 14.223
-1.242 54.203 13.217
-0.958 55.467 13.51
-1.597 56.543 12.756
-1.229 56.626 11.281
0.027 56.357 10.941
0.442 56.427 9.538
-0.286 55.421 8.643
-0.543 54.23 9.168
-1.117 53.149 8.38
-2.604 52.926 8.624
-3.091 53.363 9.782
-4.431 53.003 10.211
-4.544 51.596 10.784
-3.418 50.901 10.93
-3.458 49.547 11.469
-3.78 49.56 12.958
-4.651 48.647 13.364
-5.037 48.537 14.765
-4.191 47.454 15.406
-3.501 47.835 16.47
-2.614 46.918 17.186
-3.286 46.465 18.472
-3.165 45.179 18.779
-3.722 44.634 20.017
-2.59 44.157 20.912
-2.205 45.003 21.861
-0.991 44.766 22.627
-1.333 44.027 23.914
-0.738 42.843 24.113
-1.176 41.977 25.207
-0.764 42.465 26.585
-1.605 42.149 27.562
-1.242 42.282 28.969
-2.086 41.317 29.771
-1.75 41.155 31.032
-2.607 40.35 31.856
-3.211 41.251 32.9
-4.353 40.818 33.388
-5.036 41.544 34.451
-5.32 40.611 35.607
-4.839 40.984 36.791
-5.069 40.178 37.975
-6.247 40.747 38.743
-7.299 39.951 38.879
-8.527 40.428 39.515
-8.477 40.218 41.011
-8.651 41.307 41.753
-8.405 41.309 43.192
-9.689 41.547 43.975
-9.607 41.354 45.283
-10.764 41.506 46.156
-10.639 42.763 47.003
-11.583 42.953 47.922
-11.494 44.023 48.899
-11.45 45.446 48.373
-12.049 45.679 47.217
-12.054 47.016 46.653
-10.744 47.433 45.997
-9.817 46.497 45.828
-8.597 46.824 45.101
-8.882 46.88 43.612
-8.3 47.867 42.927
-8.396 47.818 41.463
-7.629 46.617 40.923
-8.061 46.099 39.786
-7.349 44.989 39.169
-5.93 45.442 38.84
-4.98 44.514 38.914
-3.585 44.853 38.676
-3.133 44.362 37.301
-2.65 45.287 36.479
-2.242 44.944 35.123
-0.743 44.695 35.037
-0.378 43.59 34.405
1.017 43.205 34.3
1.371 42.826 32.869
2.668 42.702 32.624
3.193 42.281 31.328
2.748 40.847 31.024
2.672 40.492 29.74
2.228 39.146 29.373
2.943 38.675 28.12
3.792 37.659 28.262
4.506 37.073 27.122
3.89 35.761 26.645
2.851 35.281 27.333
2.341 33.926 27.108
1.81 33.683 25.696
1.386 34.746 25.019
0.915 34.639 23.651
-0.466 34.027 23.539
-0.953 33.882 22.307
-2.281 33.307 22.082
-2.369 31.887 22.634
-3.5 31.578 23.259
-3.664 30.311 23.951
-4.545 29.329 23.202
-4.329 28.046 23.476
-5.145 26.963 22.931
-5.13 26.906 21.407
-3.997 27.257 20.807
-3.871 27.196 19.354
-3.201 25.894 18.933
-3.854 25.165 18.032
-3.324 23.913 17.498
-1.959 24.151 16.869
-0.939 23.485 17.405
0.444 23.671 16.926
0.61 23.255 15.478
-0.286 22.396 14.982
-0.256 21.981 13.58
-0.692 23.1 12.663
-1.467 24.043 13.191
-1.975 25.172 12.408
-1.081 26.44 12.587
-0.632 26.648 13.814
0.252 27.762 14.118
-0.497 29.024 14.489
0.246 30.011 14.974
-0.341 31.27 15.428
-0.789 32.166 14.283
-1.716 33.07 14.581
-2.158 34.049 13.605
-0.985 34.914 13.156
-0.983 35.267 11.878
0.097 36.061 11.311
-0.214 37.543 11.49
-0.156 37.988 12.742
-0.644 39.316 13.111
0.089 40.476 12.439
1.343 40.258 12.043
2.136 41.331 11.439
1.994 41.423 9.919
1.216 40.53 9.317
1.157 40.448 7.852
0.878 41.788 7.164
-0.153 42.498 7.612
-0.518 43.746 6.947
0.548 44.827 7.098
1.289 44.781 8.203
2.347 45.743 8.432
3.455 45.526 7.409
3.869 44.27 7.266
4.956 43.919 6.358
4.549 44.157 4.902
3.326 43.759 4.568
2.831 43.932 3.203
2.788 45.41 2.824
2.303 46.254 3.725
2.232 47.671 3.424
3.61 48.289 3.212
4.57 47.967 4.071
5.901 48.525 3.905
6.557 48.045 2.61
6.292 46.801 2.212
6.835 46.318 0.944
6.244 47.077 -0.227
4.945 47.358 -0.164
4.285 48.072 -1.258
4.758 49.506 -1.355
5.044 50.133 -0.221
5.622 51.474 -0.223
7.02 51.48 -0.821
7.754 50.396 -0.589
9.113 50.263 -1.079
10.134 50.803 -0.097
11.238 50.083 0.072
12.276 50.509 0.995
13.6 49.836 0.655
14.725 50.543 0.842
16.027 49.933 0.548
16.482 48.935 1.61
16.044 49.132 2.854
16.45 48.293 3.978
15.208 48.077 4.815
15.179 46.984 5.568
13.942 46.556 6.207
14.038 46.573 7.722
15.099 47.165 8.247
15.324 47.066 9.689
14.653 48.158 10.495
14.333 47.84 11.748
13.747 48.861 12.62
14.696 50.039 12.802
16.006 49.789 12.786
16.952 50.907 12.873
16.915 51.796 11.627
16.796 51.199 10.443
16.676 52.002 9.241
15.441 52.894 9.347
14.299 52.309 9.684
13.074 53.091 9.773
13.198 54.184 10.831
13.743 53.84 11.997
13.903 54.815 13.08
14.75 56.009 12.649
15.825 55.74 11.91
16.716 56.806 11.466
16.071 57.699 10.4
15.07 57.18 9.696
14.33 57.993 8.736
13.284 58.854 9.439
13.106 58.627 10.736
12.109 59.35 11.504
10.757 58.669 11.502
10.735 57.41 11.082
9.492 56.659 10.983
9.192 55.89 12.269
7.993 56.088 12.809
7.522 55.249 13.905
6.716 54.108 13.295
7.258 52.898 13.385
6.623 51.721 12.811
5.585 51.116 13.745
4.795 50.172 13.231
3.877 49.421 14.089
4.636 48.752 15.233
5.795 48.171 14.926
6.59 47.502 15.955
6.973 48.468 17.069
7.403 49.675 16.71
7.792 50.655 17.72
6.606 51.082 18.576
5.468 51.326 17.935
4.278 51.709 18.693
3.804 50.567 19.609
3.887 49.336 19.118
3.494 48.159 19.883
4.364 48.07 21.14
5.676 48.197 20.963
6.612 48.152 22.09
6.388 49.3 23.062
6.193 50.509 22.537
5.931 51.682 23.376
4.709 51.436 24.244
3.649 50.923 23.637
2.431 50.642 24.389
2.703 49.592 25.46
3.432 48.545 25.083
3.727 47.45 25.997
4.584 47.889 27.197
5.393 48.926 26.989
6.339 49.428 27.987
5.799 50.656 28.718
4.613 51.109 28.324
4.021 52.346 28.851
4.939 53.558 28.7
5.566 53.664 27.532
6.461 54.769 27.218
6.068 55.383 25.87
6.64 56.536 25.545
6.252 57.248 24.329
6.845 56.587 23.087
6.049 56.484 22.014
6.527 55.922 20.747
7.767 56.636 20.196
7.845 57.956 20.354
9.019 58.703 19.898
10.27 58.332 20.693
10.082 58.012 21.97
11.208 57.593 22.793
11.731 56.243 22.322
10.821 55.326 22.026
11.216 54.043 21.454
11.991 54.246 20.146
11.459 55.084 19.256
12.14 55.351 17.988
13.553 55.874 18.211
13.685 56.82 19.138
14.973 57.413 19.447
15.965 56.374 19.949
15.513 55.52 20.865
16.407 54.505 21.428
16.879 53.518 20.363
15.98 53.14 19.458
16.352 52.24 18.369
17.312 52.941 17.402
17.012 54.189 17.034
17.867 54.914 16.094
19.282 55.109 16.612
19.426 55.313 17.92
20.739 55.59 18.486
21.501 54.304 18.828
20.861 53.153 18.624
21.509 51.867 18.854
21.443 51.343 20.278
20.655 51.99 21.132
20.634 51.657 22.55
19.47 50.722 22.89
18.653 50.398 21.892
17.595 49.399 22.065
17.38 48.715 20.729
16.947 47.459 20.773
16.597 46.744 19.551
15.221 46.106 19.655
14.579 45.929 18.509
13.286 45.263 18.422
13.491 44.095 17.459
13.839 42.918 17.99
14.144 41.782 17.109
12.855 41.289 16.465
12.757 41.451 15.151
11.475 41.296 14.477
11.612 41.019 12.988
12.199 39.879 12.657
12.344 39.446 11.268
10.993 39.532 10.582
10.972 40.105 9.383
9.713 40.293 8.658
9.034 38.978 8.272
9.775 37.871 8.313
9.204 36.543 8.115
8.636 35.914 9.4
8.827 36.552 10.551
8.22 36.042 11.776
6.908 36.803 12.015
5.902 36.475 11.216
4.662 37.242 11.235
3.821 37.023 12.486
4.122 35.945 13.205
3.402 35.549 14.41
3.82 36.338 15.652
4.935 37.046 15.54
5.553 37.739 16.654
4.7 38.875 17.224
4.56 38.885 18.547
4.117 40.064 19.303
5.359 40.894 19.647
5.536 42.076 19.027
6.804 42.797 19.219
7.149 43.146 20.66
8.448 43.08 20.933
9.014 43.481 22.222
10.333 44.194 21.98
10.758 44.962 22.982
11.978 45.748 22.87
12.991 45.345 23.938
14.261 45.343 23.556
15.382 45.056 24.449
16.268 46.302 24.52
16.438 46.857 25.715
17.314 48.014 25.885
17.3 48.482 27.327
18.377 49.142 27.742
18.547 49.55 29.136
17.449 50.5 29.615
16.839 51.243 28.702
15.788 52.173 29.097
14.425 51.508 29.273
14.378 50.195 29.06
13.126 49.451 29.08
13.135 48.411 30.193
12.036 47.684 30.36
12.038 46.569 31.313
13.167 45.602 30.992
13.854 45.097 32.012
14.88 44.075 31.789
14.204 42.793 31.303
14.733 42.214 30.229
14.114 41.051 29.604
14.878 39.765 29.884
14.193 38.636 29.697
14.741 37.309 29.961
14.681 36.444 28.712
15.79 35.772 28.412
15.782 34.754 27.368
15.801 33.343 27.934
14.973 32.473 27.372
15.023 31.044 27.671
15.625 30.276 26.517
16.651 29.492 26.819
17.253 28.612 25.821
16.606 27.254 25.856
16.244 26.769 24.676
15.716 25.421 24.515
16.394 24.789 23.304
15.949 23.596 22.936
16.492 22.917 21.777
16.954 21.535 22.162
17.051 20.66 21.178
17.506 19.313 21.472
19.039 19.224 21.506
19.544 18.025 21.789
20.93 17.681 21.503
20.906 16.325 20.809
22.06 15.856 20.35
22.129 14.526 19.749
21.737 13.431 20.745
21.856 13.744 22.036
21.63 12.799 23.134
20.188 12.795 23.663
19.488 13.922 23.564
18.199 14.059 24.25
17.152 14.931 23.543
15.881 14.622 23.813
14.702 15.423 23.443
14.12 15.165 22.048
13.093 15.939 21.697
12.263 15.674 20.523
11.521 16.937 20.116
10.931 16.934 18.923
10.216 18.102 18.427
9.047 18.447 19.344
8.298 17.425 19.751
7.154 17.623 20.63
7.57 18.298 21.93
8.674 17.839 22.497
9.1 18.354 23.782
9.638 19.777 23.668
10.28 20.089 22.55
10.8 21.442 22.369
9.698 22.476 22.125
8.669 22.127 21.352
7.525 23.017 21.209
6.81 23.243 22.553
6.633 22.176 23.329
6.084 22.304 24.679
6.928 23.302 25.476
8.248 23.146 25.407
9.149 23.991 26.187
9.091 25.466 25.797
8.876 25.771 24.523
8.727 27.175 24.129
7.442 27.779 24.701
6.342 27.044 24.592
5.077 27.52 25.12
5.15 27.653 26.643
5.827 26.701 27.271
5.979 26.687 28.719
6.88 27.831 29.184
8.007 28.032 28.503
8.909 29.113 28.895
8.208 30.469 28.84
7.416 30.693 27.794
6.753 31.982 27.647
5.594 32.121 28.628
4.954 31.004 28.964
3.916 31.037 29.995
4.447 31.648 31.292
5.687 31.312 31.647
6.251 31.762 32.918
6.998 33.085 32.856
7.131 33.647 31.653
7.657 34.991 31.524
8.835 35.177 30.588
9.275 34.129 29.893
10.369 34.325 28.923
9.993 35.363 27.872
10.865 36.354 27.696
10.645 37.427 26.721
11.154 37.093 25.328
12.211 36.287 25.26
12.678 35.723 23.993
13.014 34.273 24.264
13.131 33.496 23.196
13.696 32.163 23.31
14.766 31.993 22.249
15.667 31.045 22.477
16.562 30.599 21.42
16.42 29.108 21.224
16.385 28.705 19.955
16.37 27.295 19.589
17.814 26.902 19.287
18.44 26.246 20.263
19.857 25.888 20.209
20.055 24.427 19.837
19.105 23.869 19.106
19.159 22.455 18.697
20.475 22.124 17.977
21.165 21.094 18.489
22.377 20.5 17.902
22.212 19.013 17.544
20.982 18.497 17.544
20.733 17.094 17.203
20.091 16.912 15.851
19.101 16.021 15.82
18.336 15.723 14.619
17.293 16.804 14.348
16.882 16.886 13.082
15.726 17.676 12.696
15.842 19.136 13.093
17.006 19.726 12.858
17.194 21.117 13.234
16.234 22.072 12.509
16.152 21.994 11.195
15.293 22.899 10.436
13.829 22.757 10.859
13.37 21.51 10.926
11.972 21.209 11.201
11.57 21.643 12.609
12.432 21.368 13.581
12.174 21.738 14.974
11.968 23.247 15.048
12.853 23.974 14.378
12.806 25.429 14.369
11.581 25.982 13.639
11.158 25.321 12.56
9.959 25.751 11.842
8.729 25.661 12.752
8.566 24.527 13.428
7.431 24.36 14.339
7.463 25.409 15.448
8.654 25.684 15.965
8.808 26.679 17.014
8.435 28.079 16.535
8.985 28.503 15.397
8.703 29.842 14.884
7.223 30.083 14.618
6.563 29.104 14.006
5.164 29.273 13.645
4.279 29.276 14.886
4.831 28.833 16.01
4.077 28.744 17.252
4.63 29.618 18.37
5.503 30.557 18.01
6.108 31.442 19.003
5.671 32.879 18.827
5.077 33.427 19.88
4.675 34.825 19.898
5.829 35.728 20.342
6.92 35.129 20.832
8.1 35.903 21.239
9.229 35.755 20.219
10.204 36.679 20.237
11.331 36.555 19.302
12.084 35.248 19.509
12.541 34.678 18.399
13.298 33.439 18.389
14.687 33.738 17.856
15.704 33.406 18.636
17.089 33.529 18.202
17.723 32.178 17.945
18.812 32.184 17.178
19.601 30.968 16.969
21.078 31.32 16.976
21.9 30.275 16.983
23.34 30.399 16.763
23.608 29.619 15.477
23.615 30.318 14.337
23.658 29.612 13.045
24.863 28.682 12.853
25.988 28.932 13.512
27.134 28.037 13.338
26.839 26.594 13.787
25.882 26.406 14.702
25.556 25.046 15.135
25.017 24.235 13.963
24.039 24.783 13.247
23.507 24.051 12.104
24.528 23.977 10.969
25.341 25.017 10.797
26.398 24.963 9.789
27.32 23.772 10.047
27.682 23.559 11.309
28.54 22.432 11.665
27.825 21.104 11.407
26.519 21.066 11.654
25.723 19.887 11.307
25.726 19.615 9.791
25.634 20.675 8.991
25.629 20.55 7.53
26.907 19.914 6.988
27.98 19.993 7.768
29.252 19.394 7.37
29.614 18.225 8.287
28.588 17.628 8.887
28.717 16.369 9.626
29.654 16.446 10.825
29.734 17.62 11.44
30.509 17.782 12.654
32.002 17.957 12.444
32.413 18.118 11.191
33.82 18.363 10.888
34.06 19.864 10.732
34.604 20.489 11.774
34.731 21.948 11.821
35.622 22.463 10.707
36.6 21.65 10.329
37.529 22.013 9.273
36.83 22.164 7.923
35.624 21.614 7.803
34.867 21.712 6.555
33.88 22.876 6.528
33.852 23.641 7.613
33.142 24.91 7.606
33.88 25.903 6.717
33.146 26.905 6.248
33.704 28.045 5.529
32.59 29.071 5.388
32.923 30.263 4.897
31.917 31.297 4.705
30.721 30.813 3.88
30.97 30.111 2.779
29.852 29.741 1.925
28.792 28.884 2.628
29.193 27.864 3.376
28.178 27.048 4.041
27.555 27.808 5.227
28.301 28.739 5.814
27.708 29.615 6.827
26.671 30.557 6.211
27.013 31.158 5.069
26.12 32.059 4.36
24.817 31.356 3.992
24.924 30.129 3.491
23.728 29.369 3.149
22.846 29.111 4.363
23.483 28.859 5.501
22.764 28.612 6.741
22.054 29.883 7.21
22.737 31.021 7.128
22.107 32.3 7.481
20.851 32.561 6.663
20.94 32.365 5.349
19.772 32.601 4.516
18.618 31.65 4.852
18.929 30.369 5.039
17.916 29.389 5.417
17.164 29.816 6.675
17.922 30.178 7.7
17.322 30.543 8.98
16.567 31.866 8.889
17.127 32.831 8.168
16.437 34.106 8.005
15.097 33.914 7.302
15.074 33.062 6.276
13.833 32.823 5.542
12.718 32.253 6.412
13.081 31.485 7.434
12.088 30.909 8.339
11.513 31.941 9.294
12.263 33.006 9.552
11.802 34.025 10.477
12.639 34.244 11.728
13.831 33.649 11.82
14.668 33.856 13.008
14.917 35.35 13.236
14.676 35.816 14.461
14.692 37.25 14.73
16.069 37.787 15.078
16.918 36.93 15.64
18.302 37.316 15.885
19.259 36.15 15.783
20.487 36.453 15.362
21.548 35.453 15.247
22.681 35.779 16.213
23.097 34.808 17.023
24.366 34.927 17.73
25.464 34.544 16.745
26.411 35.453 16.524
27.524 35.177 15.612
28.826 35.56 16.307
29.733 34.59 16.415
30.971 34.766 17.179
32.073 35.373 16.326
31.775 36.523 15.74
32.706 37.163 14.823
33.859 37.865 15.526
33.826 37.931 16.857
34.921 38.536 17.598
35.961 37.546 18.078
35.776 36.264 17.773
36.769 35.246 18.114
37.852 35.289 17.034
38.797 36.21 17.197
39.836 36.402 16.185
40.985 35.433 16.387
41.632 35.071 15.277
42.752 34.139 15.291
43.776 34.52 16.366
44.143 35.798 16.423
45.175 36.237 17.361
44.732 36.229 18.825
43.432 36.088 19.081
42.96 36.061 20.467
42.998 34.664 21.037
43.017 33.654 20.18
42.959 32.269 20.657
44.113 31.88 21.616
45.358 32.306 21.317
46.442 31.973 22.249
46.276 32.609 23.622
45.485 33.672 23.727
45.223 34.31 25.017
44.472 33.382 25.969
43.924 32.292 25.437
43.167 31.349 26.26
44.001 30.166 26.73
45.266 30.103 26.324
46.07 28.915 26.613
46.279 28.61 28.104
46.292 29.643 28.939
46.544 29.467 30.369
45.262 29.511 31.197
44.117 29.474 30.526
42.828 29.46 31.227
42.565 28.148 31.948
41.83 28.215 33.053
41.459 27.006 33.762
40.426 26.171 33.009
39.437 26.83 32.417
38.387 26.104 31.704
38.357 26.395 30.199
39.395 27.051 29.694
39.565 27.203 28.249
38.46 27.995 27.57
38.063 27.544 26.385
36.96 28.146 25.643
35.704 27.328 25.887
34.751 27.905 26.62
33.55 27.164 26.998
32.358 27.485 26.09
32.478 28.536 25.293
31.458 28.847 24.306
31.397 27.758 23.244
30.198 27.264 22.969
30.027 26.25 21.938
30.423 26.803 20.564
29.806 27.913 20.174
30.135 28.51 18.89
31.558 29.042 18.865
32.014 29.63 19.959
33.372 30.138 20.005
34.403 29.046 19.816
34.18 27.89 20.426
35.136 26.799 20.307
35.164 26.262 18.868
34.006 26.235 18.2
33.929 25.8 16.81
34.726 26.752 15.916
34.525 28.058 16.077
35.309 29.038 15.322
36.798 28.943 15.62
37.147 28.744 16.89
38.555 28.66 17.254
39.223 27.458 16.594
38.525 26.324 16.569
39.064 25.119 15.95
39.338 25.338 14.463
38.381 25.946 13.768
38.548 26.251 12.359
39.731 27.199 12.137
39.799 28.269 12.927
40.882 29.241 12.798
42.242 28.591 12.98
42.377 27.744 13.995
43.667 27.097 14.237
44.002 26.085 13.156
42.994 25.384 12.654
43.211 24.387 11.606
43.85 24.991 10.36
43.423 26.198 10.012
43.863 26.855 8.781
44.825 28.023 9.001
45.018 28.412 10.259
45.724 29.644 10.581
45.183 30.806 9.747
43.858 30.933 9.741
43.169 31.983 9.005
42.303 32.805 9.945
41.989 34.029 9.544
41.083 34.855 10.327
39.668 34.293 10.278
38.974 34.425 11.406
37.563 34.083 11.548
36.753 34.517 10.311
36.09 33.559 9.668
35.393 33.861 8.408
34.153 34.731 8.599
33.543 34.654 9.776
32.423 35.529 10.08
32.899 36.974 10.257
34.082 37.16 10.844
34.687 38.481 10.909
35.016 38.994 9.497
35.686 38.166 8.703
36.092 38.597 7.367
34.915 38.887 6.437
33.781 38.237 6.682
32.585 38.468 5.875
31.501 39.239 6.614
31.904 40.049 7.587
30.932 40.819 8.362
30.012 41.652 7.468
30.585 42.344 6.484
29.768 43.181 5.61
28.722 42.349 4.871
29.087 41.138 4.456
28.146 40.273 3.734
27.027 39.788 4.648
27.346 39.587 5.926
26.34 39.225 6.92
25.361 40.391 7.091
25.893 41.608 7.151
25.036 42.783 7.259
24.067 42.897 6.077
24.531 42.56 4.877
23.652 42.605 3.702
22.469 41.645 3.827
22.702 40.469 4.4
21.61 39.536 4.64
20.655 40.101 5.677
21.204 40.571 6.79
20.35 41.062 7.87
19.434 42.202 7.452
19.934 43.081 6.59
19.172 44.225 6.101
17.948 43.884 5.282
17.937 42.709 4.675
16.807 42.338 3.836
15.65 41.75 4.636
15.931 41.2 5.82
14.915 40.508 6.615
14.599 41.231 7.913
15.511 42.103 8.341
15.638 42.548 9.75
15.921 41.389 10.695
17.091 40.788 10.535
17.616 39.907 11.57
18.566 40.748 12.394
18.364 40.76 13.707
19.286 41.463 14.588
20.515 40.599 14.835
21.655 41.243 15.051
22.87 40.497 15.348
23.174 40.545 16.833
23.319 39.373 17.43
23.751 39.254 18.817
25.223 38.844 18.748
26.118 39.808 18.92
27.531 39.51 18.699
28.03 38.632 19.833
28.445 37.412 19.496
28.727 36.406 20.501
29.912 36.748 21.365
29.97 36.133 22.535
31.198 36.196 23.32
31.821 34.808 23.433
32.488 34.418 22.352
33.124 33.119 22.278
34.262 32.935 23.265
34.818 34.045 23.748
35.895 33.985 24.738
35.413 34.379 26.127
34.134 34.165 26.392
33.65 34.412 27.741
34.307 33.456 28.74
34.41 33.896 30
35.003 33.056 31.045
34.045 31.958 31.484
34.547 30.73 31.581
33.753 29.595 32.009
34.033 29.115 33.419
34.815 29.894 34.154
35.146 29.634 35.558
35.498 30.96 36.205
35.356 31.023 37.53
35.713 32.232 38.261
37.18 32.608 37.998
38.032 31.588 37.914
39.46 31.792 37.663
39.731 32.634 36.408
38.923 32.43 35.369
39.154 33.048 34.06
38.455 34.406 33.89
37.711 34.846 34.902
36.897 36.05 34.758
37.725 37.297 34.504
37.248 38.107 33.556
37.817 39.415 33.258
39.265 39.323 32.812
39.599 38.246 32.112
40.967 38.092 31.623
41.191 38.765 30.257
42.433 38.724 29.788
42.806 39.431 28.567
42.005 38.949 27.36
41.813 37.635 27.244
41.036 37.068 26.14
39.622 37.639 26.096
38.974 37.694 27.251
37.594 38.143 27.308
37.459 39.58 26.819
38.334 40.456 27.293
38.225 41.867 26.955
38.763 42.203 25.561
39.673 41.376 25.053
40.124 41.544 23.669
38.907 41.375 22.762
38.119 40.34 23.026
36.918 40.116 22.238
35.904 41.244 22.405
35.746 41.751 23.626
34.801 42.842 23.86
35.159 44.067 23.019
36.446 44.378 22.932
36.892 45.494 22.098
36.461 45.294 20.632
36.658 44.086 20.13
36.24 43.759 18.769
34.715 43.795 18.597
33.97 43.366 19.612
32.512 43.455 19.532
32.076 44.9 19.315
32.774 45.841 19.941
32.486 47.251 19.749
32.735 47.69 18.311
33.847 47.254 17.72
34.141 47.581 16.322
33.046 47.028 15.416
32.665 45.781 15.668
31.636 45.129 14.868
30.272 45.794 15.007
29.975 46.252 16.221
28.746 46.983 16.503
28.677 48.252 15.655
29.744 49.043 15.691
29.757 50.292 14.935
29.65 50.051 13.43
30.256 48.967 12.953
30.193 48.647 11.522
28.769 48.239 11.132
28.116 47.466 11.993
26.744 47.061 11.736
25.813 48.265 11.67
25.997 49.218 12.581
25.169 50.414 12.6
25.302 51.257 11.338
26.482 51.238 10.725
26.692 51.969 9.467
25.767 51.461 8.371
25.353 50.202 8.484
24.416 49.594 7.554
23.005 49.451 8.136
22.765 50.109 9.271
21.456 50.132 9.946
20.997 48.766 10.443
21.942 47.896 10.777
21.595 46.596 11.341
21.538 46.681 12.865
20.452 46.153 13.431
20.265 46.127 14.885
21.25 45.17 15.531
21.832 45.604 16.651
22.879 44.863 17.363
22.678 44.835 18.868
22.894 43.662 19.456
23.195 43.578 20.882
24.519 42.829 21.05
25.118 42.931 22.229
26.395 42.281 22.495
26.217 41.231 23.577
26.816 40.067 23.385
26.758 39.02 24.398
27.881 39.162 25.41
27.541 38.907 26.67
28.48 39.036 27.76
28.545 37.799 28.629
29.377 37.864 29.671
29.736 36.71 30.497
28.522 36.176 31.264
28.57 34.969 31.817
29.754 34.13 31.944
29.881 33.735 33.403
31.06 33.298 33.818
31.321 33.084 35.244
32.139 34.273 35.731
31.568 35.083 36.623
32.211 36.322 37.082
31.871 36.556 38.555
32.896 36.682 39.419
32.607 36.958 40.838
32.079 38.383 40.979
31.34 38.652 42.048
30.578 39.892 42.143
31.418 41.166 42.05
32.634 41.133 42.585
33.471 42.327 42.573
33.985 42.68 41.177
33.942 41.71 40.273
34.365 41.923 38.888
33.219 42.293 37.95
31.991 42.291 38.457
30.842 42.643 37.613
30.85 44.107 37.122
31.142 45.084 38.006
31.099 46.471 37.523
32.033 46.753 36.342
33.237 46.187 36.353
34.179 46.395 35.252
33.59 45.917 33.931
32.87 44.805 33.972
32.232 44.29 32.771
31.26 45.284 32.156
30.418 45.878 32.987
29.463 46.843 32.467
30.142 48.125 32.015
31.112 48.608 32.789
31.78 49.868 32.456
32.445 49.772 31.088
33.205 48.704 30.88
33.88 48.499 29.606
32.889 48.342 28.449
31.831 47.551 28.635
30.867 47.34 27.551
30.18 48.644 27.174
29.772 49.425 28.161
29.046 50.649 27.85
29.904 51.611 27.037
31.18 51.691 27.386
32.11 52.577 26.702
32.526 52.021 25.349
33.06 50.805 25.352
33.655 50.246 24.14
32.634 49.892 23.081
31.39 49.668 23.489
30.364 49.263 22.535
29.268 50.301 22.387
29.553 51.523 22.823
28.682 52.663 22.56
27.251 52.427 23.017
27.121 51.809 24.188
25.825 51.59 24.83
24.857 50.663 24.089
25.353 49.849 23.161
24.498 48.837 22.543
23.944 47.938 23.658
22.745 47.376 23.472
22.224 46.494 24.526
23.152 45.322 24.817
23.248 44.975 26.095
24.122 43.9 26.56
23.24 42.714 26.981
23.744 41.506 26.762
22.989 40.267 26.881
23.901 39.253 27.561
23.653 38.974 28.837
24.594 38.167 29.624
24.081 36.768 29.911
24.998 35.822 30.076
24.652 34.468 30.482
24.898 34.384 31.984
23.906 34.792 32.761
24.142 35.055 34.171
24.589 36.492 34.383
25.768 36.702 34.988
26.817 35.704 35.234
26.67 34.883 36.514
27.256 33.693 36.482
27.391 32.87 37.683
28.421 33.498 38.598
28.077 33.652 39.873
28.946 34.35 40.823
29.873 33.416 41.606
29.724 32.113 41.378
30.578 31.108 42.015
30.401 29.8 41.252
31.419 28.944 41.303
31.426 27.663 40.594
31.016 26.491 41.492
30.715 26.756 42.759
30.652 25.667 43.745
29.36 24.847 43.81
28.33 25.236 43.061
27.017 24.623 43.265
26.291 24.172 42.002
26.925 23.306 41.197
26.16 22.707 40.098
24.916 22.016 40.657
23.793 22.203 39.975
22.496 21.786 40.483
21.689 22.992 40.938
22.374 24.109 41.178
21.742 25.326 41.688
22.27 26.541 40.954
22.699 26.349 39.713
23.281 27.477 38.991
22.255 28.507 38.524
20.973 28.189 38.644
19.952 29.23 38.496
20.034 30.24 39.646
20.503 29.802 40.815
20.64 30.689 41.973
21.993 31.397 41.953
23.066 30.652 41.685
24.39 31.282 41.617
24.419 32.379 40.545
23.671 32.166 39.463
23.617 33.147 38.387
22.51 34.191 38.545
21.429 33.881 39.26
20.425 34.918 39.534
21.07 36.096 40.26
22.011 35.799 41.158
22.748 36.846 41.865
23.505 37.751 40.882
24.256 37.131 39.969
25.021 37.884 38.983
24.154 38.629 37.982
23.111 37.952 37.523
22.183 38.535 36.554
21.46 39.749 37.14
20.998 39.637 38.382
20.361 40.784 39.031
21.339 41.951 39.125
22.577 41.667 39.515
23.552 42.739 39.674
23.948 43.413 38.367
24.18 42.618 37.329
24.588 43.192 36.066
23.383 43.845 35.373
22.183 43.315 35.634
20.953 43.963 35.194
20.775 45.326 35.844
21.028 45.405 37.146
20.942 46.693 37.828
21.895 47.73 37.236
23.034 47.274 36.72
24.014 48.188 36.136
23.714 48.541 34.684
22.678 47.937 34.107
22.276 48.31 32.76
22.094 47.216 31.731
22.369 45.969 32.083
22.224 44.861 31.13
20.762 44.668 30.736
20.516 44.547 29.43
19.156 44.644 28.895
18.449 43.309 28.721
19.225 42.266 28.466
18.671 40.94 28.275
19.479 39.956 29.098
18.776 39.165 29.903
19.424 38.179 30.768
19.142 36.786 30.218
20.182 36.086 29.773
19.992 34.727 29.317
19.91 33.837 30.532
18.841 33.056 30.616
18.668 32.245 31.814
19.71 31.146 31.939
19.79 30.612 33.15
20.63 29.473 33.461
19.738 28.581 34.31
19.602 27.306 33.946
18.676 26.406 34.637
19.431 25.57 35.677
18.694 24.832 36.528
19.38 23.957 37.487
20.222 22.866 36.829
20.044 22.644 35.526
20.823 21.62 34.822
22.112 22.142 34.21
22.407 23.431 34.361
23.65 23.974 33.808
24.849 23.158 34.288
25.735 22.823 33.354
26.942 22.009 33.583
26.667 20.528 33.796
25.399 20.127 33.713
25.015 18.757 34.052
24.27 18 32.962
23.429 18.689 32.196
22.671 18.021 31.15
21.636 18.926 30.526
20.888 18.391 29.567
19.895 19.181 28.849
18.703 19.493 29.754
18.303 20.771 29.845
17.152 21.075 30.706
15.846 20.457 30.201
15.039 19.938 31.12
13.701 19.476 30.763
12.675 20.567 31.061
11.397 20.27 30.838
10.335 21.262 31.015
10.284 21.852 32.426
10.576 21.035 33.436
10.593 21.532 34.814
11.757 22.507 35.046
12.91 22.186 34.476
14.082 23.042 34.597
13.88 24.376 33.876
13.156 24.343 32.759
12.83 25.548 32.025
12.016 26.491 32.912
10.952 25.977 33.516
10.181 26.787 34.458
11.051 27.36 35.576
11.881 26.523 36.193
12.711 26.984 37.316
13.654 28.109 36.884
14.238 27.97 35.698
15.131 28.991 35.191
14.419 30.291 34.873
13.243 30.199 34.253
12.494 31.403 33.929
12.069 32.149 35.195
11.589 31.413 36.196
11.196 32.046 37.457
12.379 32.779 38.097
13.521 32.1 38.185
14.701 32.696 38.808
15.11 33.96 38.058
14.973 33.926 36.733
15.388 35.064 35.926
14.379 36.208 35.9
13.096 35.883 36.034
12.094 36.934 36.21
12.315 37.667 37.537
12.711 36.935 38.575
13.095 37.554 39.848
14.283 38.491 39.636
15.343 38.001 38.99
16.517 38.838 38.766
16.185 40.084 37.942
15.419 39.891 36.869
15.073 41.009 36
14.254 42.071 36.728
13.273 41.622 37.505
12.444 42.564 38.236
13.211 43.256 39.356
14.062 42.509 40.055
14.92 43.104 41.079
15.785 44.2 40.453
16.283 43.954 39.239
17.051 44.957 38.508
16.187 46.168 38.127
14.96 45.928 37.659
14.036 47.044 37.377
13.865 47.936 38.608
13.689 47.325 39.78
13.536 48.107 41.009
14.798 48.906 41.316
15.961 48.279 41.158
17.222 48.953 41.454
17.468 50.148 40.537
16.924 50.087 39.327
17.058 51.163 38.347
15.976 52.207 38.533
15.069 51.949 39.477
13.914 52.811 39.719
13.113 52.981 38.438
12.96 51.876 37.718
12.218 51.911 36.473
10.766 52.279 36.752
10.191 53.187 35.942
8.845 53.671 36.274
7.825 52.561 36.475
7.129 52.643 37.61
6 51.778 37.947
6.354 50.329 38.295
7.641 49.997 38.296
8.052 48.623 38.622
7.644 48.197 40.038
7.768 49.116 40.988
7.456 48.814 42.379
5.954 48.616 42.623
5.101 49.022 41.682
3.662 48.846 41.882
3.282 47.378 42.075
4.031 46.494 41.43
3.804 45.07 41.557
4.113 44.62 42.989
5.31 44.935 43.472
5.682 44.62 44.84
4.677 45.189 45.823
4.249 46.434 45.597
3.342 47.096 46.526
1.985 46.408 46.556
1.487 45.973 45.401
0.187 45.309 45.36
0.242 43.984 46.116
1.305 43.213 45.9
1.421 41.945 46.603
1.597 42.188 48.109
2.433 43.153 48.483
2.669 43.405 49.905
1.422 43.925 50.61
0.596 44.693 49.903
-0.654 45.17 50.5
-1.576 43.981 50.764
-1.643 43.052 49.815
-2.424 41.839 49.999
-1.894 40.994 51.156
-0.57 40.925 51.288
0.068 40.234 52.403
-0.332 40.841 53.754
-0.21 42.16 53.877
-0.526 42.829 55.14
-2.003 42.703 55.501
-2.854 42.645 54.483
-4.301 42.623 54.688
-4.873 41.212 54.759
-3.995 40.213 54.69
-4.391 38.808 54.736
-5.355 38.421 53.621
-5.214 39.09 52.474
-5.912 38.686 51.265
-5.091 37.606 50.561
-5.137 36.4 51.11
-4.202 35.342 50.721
-4.312 34.979 49.246
-5.534 34.786 48.766
-5.71 34.419 47.369
-5.219 35.521 46.429
-5.412 36.778 46.823
-4.889 37.897 46.046
-3.363 37.873 46.046
-2.772 37.621 47.209
-1.318 37.539 47.302
-0.792 36.488 46.334
-1.387 35.302 46.37
-0.954 34.228 45.475
-1.141 34.644 44.009
-2.306 35.207 43.696
-2.635 35.577 42.315
-1.673 36.604 41.722
-1.136 37.473 42.574
-0.214 38.527 42.161
1.226 38.053 42.013
1.517 36.835 42.451
2.901 36.384 42.479
3.363 35.809 41.141
4.669 35.586 41.02
5.222 35.045 39.783
4.709 33.647 39.477
4.408 32.886 40.523
4.005 31.493 40.365
2.926 31.204 41.403
1.683 31.62 41.108
0.595 31.541 42.095
0.368 30.165 42.724
0.392 29.098 41.937
0.057 27.791 42.491
1.131 27.24 43.419
2.381 27.629 43.204
3.434 27.235 44.123
3.224 27.914 45.468
2.968 29.22 45.451
2.757 29.942 46.708
1.553 29.366 47.456
0.461 29.148 46.732
-0.74 28.605 47.353
-0.512 27.21 47.93
0.111 26.338 47.144
0.347 24.964 47.572
1.244 24.929 48.807
2.297 25.739 48.792
3.231 25.784 49.909
2.518 26.19 51.2
1.67 27.212 51.12
0.896 27.667 52.27
-0.018 26.542 52.761
-0.626 25.835 51.815
-1.631 24.835 52.14
-1.043 23.52 52.653
0.279 23.374 52.614
0.904 22.16 53.143
0.64 22.037 54.638
0.58 23.178 55.321
0.326 23.194 56.76
-1.092 23.647 57.092
-1.636 24.555 56.287
-2.986 25.08 56.503
-3.819 25.025 55.221
-4.357 23.837 54.892
-5.083 23.649 53.63
-6.548 24.095 53.644
-7.141 24.281 54.821
-8.57 24.595 54.912
-8.908 25.95 54.296
-10.087 26.043 53.682
-10.531 27.284 53.049
-10.507 28.471 54.006
-10.887 28.227 55.258
-10.902 29.265 56.273
-9.552 29.922 56.5
-8.478 29.182 56.245
-7.142 29.729 56.449
-6.773 30.775 55.402
-7.498 30.801 54.285
-7.235 31.795 53.244
-7.709 33.185 53.666
-8.386 33.268 54.809
-8.783 34.567 55.35
-8.301 34.739 56.789
-7.488 33.793 57.252
-6.955 33.848 58.61
-5.866 34.906 58.717
-5.836 35.614 59.843
-4.819 36.63 60.091
-3.593 36.036 60.781
-3.054 35.001 60.143
-1.81 34.344 60.529
-1.572 33.22 59.531
-0.432 32.551 59.668
-0.187 31.287 58.978
0.583 30.393 59.941
1.091 29.263 59.465
1.7 28.3 60.378
3.106 28.682 60.846
3.721 29.672 60.203
5.054 30.111 60.617
5.065 30.635 62.056
4.142 31.538 62.375
4.093 32.143 63.711
2.917 31.652 64.527
1.855 31.23 63.853
0.627 30.902 64.554
-0.138 32.162 64.921
-1.384 31.994 65.377
-2.266 33.136 65.642
-1.755 34.131 66.691
-1.019 33.674 67.701
-0.608 34.581 68.774
0.736 35.288 68.556
1.445 34.942 67.484
2.771 35.521 67.259
2.914 36.165 65.884
1.801 36.292 65.163
1.806 36.933 63.847
2.001 38.437 63.98
3.12 38.941 63.467
3.5 40.338 63.654
2.579 41.297 62.914
2.049 40.856 61.778
1.159 41.723 61.017
-0.21 41.835 61.683
-0.647 40.763 62.341
-1.872 40.806 63.138
-1.654 41.688 64.368
-0.484 41.57 64.99
-0.167 42.428 66.126
-0.12 43.905 65.702
0.433 44.184 64.521
0.425 45.55 63.992
-1.012 46.01 63.764
-1.83 45.099 63.245
-3.252 45.34 63.005
-3.96 45.797 64.276
-3.743 45.066 65.365
-4.341 45.421 66.648
-3.75 46.722 67.176
-2.44 46.874 67
-1.715 48.084 67.384
-2.312 49.332 66.727
-2.618 49.231 65.437
-3.197 50.348 64.695
-4.679 50.55 65.004
-5.389 49.453 65.255
-6.803 49.525 65.612
-6.961 50.267 66.933
-6.096 49.935 67.886
-6.087 50.591 69.188
-5.705 52.063 69.066
-4.972 52.396 68.008
-4.509 53.763 67.794
-5.61 54.67 67.248
-6.723 54.075 66.826
-7.864 54.85 66.348
-8.466 55.669 67.483
