866
68.315 57.948 29.294
68.711 56.609 29.715
70.197 56.549 30.036
70.575 55.575 30.85
71.962 55.413 31.23
72.695 54.637 30.153
74.003 54.838 30.102
74.854 54.037 29.253
74.868 52.578 29.71
74.99 51.687 28.734
75.163 50.265 28.973
76.577 49.869 28.574
77.123 48.896 29.289
78.525 48.534 29.154
78.726 47.081 28.782
79.632 46.856 27.836
79.946 45.518 27.37
80.362 44.599 28.51
81.098 45.138 29.483
81.574 44.306 30.579
80.467 43.849 31.518
79.261 44.39 31.349
78.12 43.973 32.178
77.319 42.811 31.607
77.763 42.234 30.493
77.009 41.128 29.898
76.741 40.026 30.913
75.479 39.596 30.973
75.085 38.454 31.783
74.061 37.633 31.006
74.216 36.315 31.039
73.263 35.39 30.4
71.842 35.649 30.916
70.827 35.467 30.047
69.45 35.782 30.468
68.907 34.835 31.543
68.145 35.402 32.478
67.495 34.603 33.516
66.444 33.667 32.93
65.844 34.07 31.808
64.855 33.263 31.115
65.156 33.23 29.637
64.884 32.079 29.036
64.842 31.933 27.58
63.403 31.759 27.122
63.128 32.177 25.89
61.871 31.842 25.211
62.257 30.992 24.018
61.714 29.776 23.962
62.113 28.792 22.952
61.222 28.829 21.723
59.984 29.282 21.906
58.961 29.241 20.871
58.009 30.388 21.12
57.601 31.068 20.06
56.604 32.136 20.184
55.61 32.057 19.047
54.332 32.089 19.416
53.241 32.106 18.46
52.607 33.489 18.491
52.709 34.21 17.385
52.175 35.559 17.311
50.908 35.585 16.495
49.952 36.402 16.932
48.792 36.724 16.119
48.691 38.24 16.021
48.562 38.745 14.799
48.318 40.155 14.569
46.937 40.367 13.994
46.085 41.078 14.725
44.858 41.573 14.141
45.206 42.963 13.617
45.529 43.011 12.327
46.131 44.188 11.715
45.159 45.268 11.343
45.522 46.495 11.693
44.816 47.691 11.272
45.774 48.858 11.471
45.771 49.817 10.546
46.715 50.931 10.64
46.541 51.765 11.915
45.304 51.938 12.372
45.047 52.739 13.578
45.261 51.96 14.868
44.8 50.716 14.893
44.886 49.9 16.096
45.126 48.448 15.726
46.35 47.993 15.966
46.71 46.596 15.766
46.741 45.901 17.114
46.115 44.727 17.182
46.108 43.921 18.403
47.055 42.756 18.211
48.021 42.667 19.117
49.027 41.627 19.078
48.754 40.649 20.21
48.675 39.368 19.876
48.6 38.306 20.876
49.873 37.475 20.74
50.621 37.335 21.825
51.911 36.658 21.78
51.93 35.551 22.816
52.088 34.319 22.359
52.102 33.163 23.251
53.507 32.571 23.23
54.248 32.748 24.328
55.666 32.347 24.417
55.86 31.17 25.361
56.687 30.213 24.958
57.08 29.115 25.837
58.393 29.503 26.467
58.365 29.718 27.78
59.513 30.236 28.527
60.144 29.178 29.422
61.453 29.3 29.629
62.23 28.368 30.446
63.206 29.183 31.29
63.135 29.014 32.607
64.047 29.713 33.508
65.415 29.047 33.521
66.452 29.868 33.378
67.837 29.417 33.482
68.529 29.974 34.727
68.067 31.126 35.201
68.662 31.803 36.355
68.09 31.367 37.688
68.252 32.224 38.695
67.824 31.913 40.061
66.32 31.72 40.118
65.869 30.79 40.961
64.446 30.457 41
63.549 31.614 41.467
64.123 32.594 42.167
63.391 33.784 42.608
63.478 34.958 41.624
64.105 34.736 40.469
64.301 35.831 39.516
62.994 36.163 38.8
62.652 37.459 38.698
61.485 37.794 37.893
61.838 37.776 36.416
60.815 37.627 35.591
60.957 37.756 34.149
60.801 39.231 33.798
61.833 39.808 33.17
61.828 41.228 32.803
61.7 41.333 31.29
60.546 41.807 30.833
60.283 41.95 29.402
60.408 43.409 28.999
61.063 43.652 27.864
61.185 44.999 27.303
59.92 45.381 26.549
59.5 46.632 26.686
58.365 47.124 25.907
58.423 48.627 25.797
58.068 49.134 24.625
58.03 50.576 24.383
56.763 50.953 23.645
56.013 51.89 24.235
54.811 52.451 23.625
53.787 51.362 23.275
53.5 50.526 24.266
52.518 49.436 24.136
51.333 49.72 25.042
50.143 49.334 24.598
48.971 49.368 25.473
48.677 47.941 25.9
49.039 47.622 27.138
48.86 46.282 27.668
47.376 45.986 27.878
46.922 44.848 27.351
45.532 44.403 27.506
45.432 43.322 28.582
46.296 42.317 28.527
46.253 41.253 29.529
47.526 40.441 29.584
47.717 39.767 30.72
48.853 38.895 30.974
48.321 37.581 31.561
48.618 36.447 30.929
48.293 35.131 31.486
49.523 34.254 31.546
49.57 33.393 32.557
50.61 32.381 32.677
49.872 31.054 32.719
50.129 30.193 31.737
49.392 28.932 31.614
47.872 29.155 31.634
47.445 30.197 30.919
46.04 30.625 30.824
45.43 31.217 32.104
46.223 31.308 33.166
45.776 31.943 34.409
46.045 33.451 34.362
45.002 34.287 34.519
45.237 35.729 34.603
46.25 36.025 35.712
47.328 36.728 35.369
48.438 36.899 36.322
48.325 38.202 37.091
48.469 38.116 38.412
48.373 39.294 39.272
49.738 39.778 39.782
50.754 38.921 39.665
52.1 39.25 40.157
52.97 39.881 39.062
52.614 41.091 38.662
53.397 41.829 37.656
53.299 43.324 37.897
54.279 44.061 37.375
54.238 45.506 37.406
54.85 46.054 36.123
54.264 47.122 35.598
54.863 47.868 34.501
55.74 48.956 35.086
56.919 49.117 34.491
57.836 50.196 34.841
58.37 50.807 33.555
59.196 51.84 33.668
59.729 52.465 32.467
60.394 51.44 31.543
59.831 51.293 30.346
60.391 50.409 29.33
60.25 48.916 29.588
59.442 48.53 30.572
59.442 47.13 31
58.135 46.632 31.614
57.95 45.323 31.515
56.921 44.596 32.249
57.665 43.539 33.056
57.531 43.607 34.377
58.284 42.724 35.262
57.306 41.746 35.884
57.535 40.457 35.642
56.604 39.392 36.043
57.256 38.521 37.11
56.63 38.447 38.283
57.207 37.743 39.43
56.579 36.388 39.693
57.315 35.569 40.45
56.79 34.358 41.086
56.342 33.31 40.083
57.233 33.003 39.146
56.92 32.132 38.028
57.397 30.686 38.214
56.732 29.732 37.529
57.217 28.371 37.44
58.529 28.342 36.65
59.21 27.204 36.671
60.457 27.04 35.924
60.201 27.017 34.414
59.066 26.452 34.013
58.68 26.352 32.603
57.201 26.693 32.508
56.83 27.541 31.554
55.449 28.026 31.477
55.145 28.657 30.137
53.852 28.833 29.883
53.36 29.528 28.712
52.933 30.935 29.102
53.615 31.935 28.549
53.269 33.337 28.746
52.366 33.799 27.622
51.241 34.424 27.957
50.414 35.035 26.939
50.25 36.523 27.223
50.697 37.35 26.281
50.535 38.803 26.34
49.603 39.241 25.221
48.617 40.079 25.544
47.852 40.796 24.531
48.111 42.276 24.729
48.449 42.968 23.644
48.673 44.407 23.711
48.289 45.076 22.401
48.126 46.397 22.434
47.784 47.162 21.238
48.917 48.088 20.858
49.031 48.356 19.558
49.989 49.322 19.008
49.281 50.071 17.881
49.872 51.174 17.422
49.244 52.019 16.403
50.211 52.345 15.273
50.247 51.491 14.24
51.197 51.673 13.142
51.163 53.06 12.5
49.964 53.619 12.332
49.809 54.935 11.701
50.521 56.053 12.465
50.642 55.899 13.785
51.255 56.906 14.669
52.769 56.765 14.765
53.311 55.738 14.125
54.722 55.397 14.258
55.563 56.142 13.228
55.901 57.399 13.527
56.693 58.217 12.602
58.189 57.898 12.68
58.602 57.251 13.763
60.012 56.86 13.942
60.443 55.7 13.051
59.471 54.971 12.498
59.738 53.829 11.606
60.555 52.739 12.31
60.176 52.482 13.561
60.795 51.476 14.438
59.674 50.625 15.024
59.696 49.325 14.743
58.586 48.431 15.11
57.691 48.236 13.894
56.37 48.203 14.105
55.391 48.072 13.018
54.883 49.455 12.627
54.99 49.784 11.346
54.632 51.113 10.887
54.053 51.107 9.48
53.647 52.28 9.014
53.037 52.429 7.701
54.05 52.989 6.705
54.175 52.334 5.547
55.002 52.838 4.452
54.071 53.012 3.264
53.665 54.255 3.009
52.584 54.497 2.032
51.311 53.801 2.495
50.779 52.905 1.667
49.591 52.123 2.047
49.932 50.784 2.696
51.209 50.415 2.664
51.64 49.145 3.223
51.932 49.255 4.72
51.844 48.122 5.412
52.359 48.012 6.777
53.601 47.137 6.732
54.637 47.531 7.469
55.88 46.768 7.476
56.605 47.007 8.782
57.65 46.223 9.015
58.363 46.284 10.293
59.828 46.619 10.074
60.422 47.188 11.115
61.865 47.197 11.274
62.162 46.913 12.735
62.87 45.813 12.991
63.1 45.375 14.369
64.542 45.479 14.846
65.505 45.639 13.947
66.888 45.814 14.426
67.131 47.292 14.761
67.774 47.619 15.898
68.28 46.68 16.895
67.232 46.228 17.911
66.437 47.18 18.396
65.528 46.944 19.525
64.12 47.421 19.186
63.68 47.067 17.985
62.367 47.465 17.517
61.249 46.512 17.885
61.57 45.249 18.143
60.499 44.282 18.455
59.783 44.646 19.751
60.493 45.262 20.694
59.846 45.693 21.935
58.806 46.798 21.71
58.789 47.405 20.512
57.748 48.366 20.135
56.506 47.666 19.575
56.594 46.342 19.457
55.479 45.522 18.965
54.795 44.748 20.099
55.587 44.145 20.985
55.038 43.431 22.145
56.077 43.382 23.261
55.652 43.006 24.466
56.598 42.836 25.569
57.392 41.553 25.359
58.717 41.647 25.294
59.505 40.481 24.907
60.925 40.545 25.472
61.648 39.423 25.416
63.084 39.402 25.689
63.817 39.898 24.436
63.841 41.222 24.297
64.365 41.881 23.098
65.88 42.036 23.212
66.547 40.888 23.126
68.004 40.756 23.243
68.408 39.586 22.341
69.496 39.757 21.563
69.793 38.816 20.478
70.342 37.44 20.872
70.584 37.233 22.171
70.973 35.916 22.668
69.779 35.055 23.092
68.569 35.584 22.915
67.347 34.787 23.112
66.842 34.394 21.725
66.895 33.092 21.432
66.566 32.551 20.113
65.32 31.667 20.193
64.265 32.076 19.49
62.962 31.4 19.567
62.503 30.999 18.184
61.731 29.914 18.12
61.051 29.522 16.876
59.724 30.258 16.764
59.578 31.074 15.72
58.38 31.895 15.519
57.364 31.234 14.607
56.095 31.369 14.98
54.974 31.14 14.078
54.139 32.413 14.128
53.747 32.934 12.965
53.102 34.24 12.878
51.804 34.169 12.085
50.69 34.478 12.751
49.377 34.527 12.104
48.994 35.982 11.901
48.623 36.323 10.677
48.304 37.693 10.32
46.862 37.745 9.84
46.057 38.617 10.443
44.648 38.756 10.084
44.425 40.193 9.637
43.809 40.38 8.471
43.67 41.726 7.918
42.576 41.839 6.855
42.178 43.076 6.579
41.274 43.383 5.474
41.883 42.878 4.178
41.125 42.054 3.454
41.628 41.439 2.232
41.848 42.432 1.09
40.969 43.418 0.954
41.101 44.384 -0.137
42.326 45.28 0.058
42.526 45.737 1.291
43.619 46.645 1.595
44.944 45.889 1.695
44.887 44.668 2.218
46.105 43.894 2.456
46 42.484 1.876
45.993 42.377 0.536
45.886 41.044 -0.074
47.102 40.146 0.138
48.277 40.74 0.372
49.475 39.978 0.705
49.812 40.188 2.169
49.915 39.073 2.882
50.277 39.03 4.306
51.494 38.127 4.461
52.645 38.744 4.744
53.925 38.036 4.738
54.598 38.078 6.098
55.212 36.97 6.484
56.171 36.963 7.6
57.272 35.935 7.3
58.217 35.752 8.22
59.35 34.866 7.957
58.932 33.42 7.753
59.597 32.744 6.82
59.499 31.291 6.679
58.503 30.847 5.628
57.725 29.822 5.976
56.844 29.134 5.027
55.391 29.335 5.389
54.517 29.455 4.393
53.072 29.503 4.655
52.584 28.138 5.099
51.997 28.059 6.289
51.527 26.766 6.823
50.011 26.669 7.029
49.326 27.809 6.95
47.872 27.837 7.092
47.362 29.112 6.473
46.094 29.097 6.09
45.453 30.27 5.533
43.956 30.077 5.567
43.239 31.181 5.66
41.796 31.112 5.782
41.122 32.413 5.459
39.808 32.33 5.305
38.983 33.495 5.034
38.019 33.698 6.194
37.646 34.951 6.417
36.79 35.321 7.534
35.636 36.192 7.058
34.651 36.379 7.931
33.553 37.298 7.645
34.047 38.744 7.603
33.211 39.618 7.042
33.487 41.056 6.942
34.74 41.414 6.131
35.041 40.591 5.129
36.091 40.889 4.16
37.511 40.767 4.685
37.686 39.993 5.755
39.023 39.761 6.29
39.549 38.381 5.896
40.87 38.239 5.917
41.498 36.958 5.659
42.719 36.832 6.54
43.299 35.642 6.556
44.493 35.414 7.356
45.451 34.413 6.731
46.722 34.558 7.088
47.79 33.657 6.663
48.666 33.383 7.873
49.126 32.144 8.017
50.06 31.795 9.079
51.375 31.305 8.492
52.465 31.776 9.089
53.829 31.503 8.665
54.564 30.784 9.78
55.431 29.853 9.41
56.295 29.179 10.362
57.721 29.3 9.868
58.603 29.797 10.731
60.04 29.867 10.441
60.706 28.866 11.374
61.231 27.756 10.817
61.766 26.663 11.649
63.057 27.018 12.37
63.744 28.064 11.914
65.032 28.385 12.499
64.891 29.294 13.707
65.4 28.862 14.876
65.368 29.764 16.034
66.04 31.084 15.7
65.419 32.18 16.121
66.003 33.489 15.851
65.81 34.475 16.971
66.722 35.45 17.058
66.505 36.604 17.909
65.406 37.45 17.274
64.658 38.191 18.093
63.508 38.933 17.565
63.868 40.066 16.609
65.134 40.51 16.589
65.481 41.57 15.636
65.334 41.102 14.192
65.244 39.783 13.988
65.091 39.211 12.64
63.634 38.927 12.255
62.711 39.292 13.139
61.294 39.172 12.835
60.894 40.206 11.792
60.038 39.801 10.845
59.444 40.758 9.911
57.999 40.409 9.623
57.224 41.454 9.363
55.852 41.318 8.897
55.636 42.385 7.83
54.976 41.992 6.745
54.603 42.931 5.691
53.157 42.649 5.296
52.383 43.715 5.145
51.003 43.6 4.647
50.741 44.682 3.612
50.164 44.303 2.48
49.845 45.323 1.485
49.493 44.73 0.144
49.42 45.614 -0.846
49.091 45.253 -2.217
50.327 45.513 -3.067
50.82 44.477 -3.72
52.085 44.556 -4.443
52.006 43.894 -5.797
52.877 44.339 -6.699
53.267 43.53 -7.837
54.396 42.604 -7.373
54.449 41.401 -7.932
55.417 40.404 -7.493
56.152 39.835 -8.693
57.473 39.927 -8.671
58.304 39.238 -9.657
58.755 37.918 -9.043
58.457 36.82 -9.727
58.766 35.493 -9.222
59.777 34.799 -10.113
60.747 34.133 -9.493
61.778 33.432 -10.228
62.25 32.273 -9.345
63.284 31.562 -9.789
63.786 30.388 -9.085
65.313 30.346 -9.135
65.92 29.854 -8.062
67.333 29.552 -8.043
67.472 28.117 -7.581
68.259 27.33 -8.305
68.534 25.964 -7.885
69.93 25.902 -7.286
70.016 25.504 -6.02
71.306 25.436 -5.326
72.191 24.336 -5.916
73.47 24.34 -5.584
74.38 23.41 -6.246
74.127 21.958 -5.833
73.436 21.767 -4.704
73.017 20.417 -4.267
71.605 20.084 -4.738
70.973 21.025 -5.427
69.702 20.764 -6.096
68.448 21.31 -5.438
68.593 22.059 -4.346
67.435 22.663 -3.689
66.864 23.765 -4.59
65.581 23.655 -4.929
64.935 24.666 -5.745
64.335 25.719 -4.818
64.812 26.957 -4.929
64.355 28.036 -4.061
63.463 28.984 -4.852
62.242 29.209 -4.37
61.334 30.19 -4.951
61.798 31.568 -4.523
62.011 32.444 -5.502
62.401 33.835 -5.257
61.217 34.751 -5.543
60.921 35.658 -4.617
59.775 36.54 -4.761
60.163 37.948 -4.381
60.014 38.861 -5.328
60.335 40.272 -5.119
59.056 41.089 -5.193
58.672 41.661 -4.055
57.447 42.438 -3.906
57.754 43.91 -4.05
57.051 44.583 -4.953
57.227 46.026 -5.187
55.866 46.705 -5.285
55.832 48.024 -5.112
54.586 48.763 -5.281
54.038 48.535 -6.673
52.711 48.549 -6.783
52.062 48.405 -8.079
52.635 49.421 -9.052
52.992 48.936 -10.239
53.569 49.767 -11.29
55.087 49.75 -11.364
55.733 49.103 -10.393
57.198 49.068 -10.328
57.834 47.792 -10.896
57.046 46.9 -11.502
57.646 45.69 -12.096
58.74 45.971 -13.135
58.631 47.091 -13.854
59.644 47.468 -14.849
61.006 47.772 -14.229
61.052 47.83 -12.899
62.285 48.18 -12.192
62.81 47.048 -11.304
62.218 45.859 -11.433
62.545 44.716 -10.571
63.6 43.69 -11.079
63.685 43.443 -12.405
64.605 42.376 -12.841
66.079 42.441 -12.451
66.664 43.637 -12.369
68.073 43.705 -12.011
68.319 43.208 -10.569
67.439 43.599 -9.654
67.533 43.124 -8.263
67.414 41.589 -8.202
66.488 41.035 -8.995
66.305 39.58 -9.03
67.538 38.876 -9.583
68.098 39.451 -10.651
69.328 38.948 -11.234
70.467 38.975 -10.216
70.55 40.08 -9.465
71.563 40.241 -8.44
71.396 39.242 -7.29
70.154 38.913 -6.945
69.918 37.903 -5.908
70.468 36.561 -6.36
70.13 36.172 -7.585
70.664 34.916 -8.115
72.186 34.935 -8.183
72.771 36.062 -8.599
74.217 36.163 -8.631
74.839 36.019 -7.253
74.175 36.578 -6.238
74.643 36.504 -4.853
74.618 35.08 -4.326
73.529 34.401 -4.654
73.372 33.004 -4.235
74.467 32.138 -4.845
74.696 32.302 -6.146
75.745 31.558 -6.821
77.133 31.855 -6.253
77.424 33.137 -6.026
78.739 33.492 -5.525
79 32.938 -4.121
77.998 32.984 -3.236
78.248 32.476 -1.883
78.538 30.969 -1.929
77.909 30.263 -2.873
78.253 28.85 -3.087
79.694 28.692 -3.545
80.051 29.4 -4.609
81.371 29.266 -5.195
82.483 29.702 -4.261
82.316 30.859 -3.627
83.399 31.413 -2.833
83.474 30.9 -1.391
82.318 30.798 -0.735
82.276 30.417 0.672
81.691 29.024 0.919
81.166 28.405 -0.132
80.555 27.065 0.003
79.256 27.043 0.784
78.526 28.154 0.732
77.282 28.322 1.503
76.075 28.279 0.594
75.069 27.486 0.97
73.807 27.425 0.246
72.687 28.007 1.087
71.65 28.491 0.416
70.436 28.956 1.096
69.767 27.757 1.782
69.027 28.031 2.849
68.58 26.975 3.779
67.059 26.852 3.899
66.343 27.686 3.16
64.886 27.639 3.122
64.388 27.462 1.698
63.07 27.338 1.572
62.577 27.073 0.216
61.944 28.268 -0.465
61.901 29.396 0.236
61.375 30.647 -0.254
62.369 31.755 0.151
62.617 32.71 -0.744
63.396 33.904 -0.42
62.544 35.071 -0.862
62.007 35.823 0.095
61.199 37.001 -0.223
61.977 38.285 0.033
61.8 39.252 -0.864
62.298 40.626 -0.673
61.148 41.578 -0.916
60.96 42.548 -0.021
59.942 43.591 -0.205
60.617 44.948 -0.274
60.359 45.686 -1.35
60.924 47.031 -1.508
59.929 48.036 -0.97
60.339 48.804 0.04
59.461 49.821 0.643
60.041 51.225 0.51
59.16 52.22 0.454
59.51 53.617 0.22
60.079 54.289 1.474
59.542 53.895 2.625
59.882 54.527 3.901
60.676 53.555 4.757
61.976 53.813 4.904
62.873 52.869 5.588
64.108 53.612 6.107
64.433 53.424 7.389
65.568 54.131 8.029
66.945 53.516 7.772
67.014 52.495 6.943
68.315 51.963 6.558
68.239 51.538 5.118
69.315 50.958 4.62
69.352 50.554 3.23
68.515 49.319 3.018
68.625 48.368 3.948
67.941 47.076 3.799
68.149 46.274 5.065
67.454 45.141 5.187
67.444 44.402 6.441
67.27 42.915 6.187
68.126 42.129 6.832
68.247 40.69 6.556
67.231 39.786 7.26
66.009 40.256 7.496
65.037 39.399 8.207
64.954 38.033 7.535
64.977 36.956 8.324
65.155 35.597 7.779
64.083 35.278 6.744
64.52 35.023 5.514
63.604 34.661 4.423
62.645 35.74 3.964
62.728 36.929 4.559
61.813 38.02 4.234
62.57 39.332 4.428
63.514 39.588 3.533
64.302 40.825 3.645
63.402 42.003 3.316
63.601 43.133 4.002
62.885 44.367 3.663
63.94 45.377 3.22
63.742 45.969 2.04
64.733 46.847 1.419
64.162 48.235 1.243
64.982 49.244 1.492
64.692 50.576 0.986
64.633 50.44 -0.537
63.593 51.001 -1.156
63.46 50.884 -2.61
64.68 51.4 -3.384
65.473 52.293 -2.784
66.728 52.752 -3.415
67.66 51.607 -3.791
67.597 50.51 -3.03
68.511 49.405 -3.254
67.821 48.224 -3.927
66.694 48.506 -4.582
65.997 47.504 -5.426
65.702 48.036 -6.833
65.082 49.209 -6.917
64.462 49.667 -8.176
65.433 50.289 -9.16
65.509 49.7 -10.359
66.39 50.193 -11.421
65.834 49.916 -12.801
65.886 50.952 -13.633
65.814 50.797 -15.09
66.753 51.828 -15.676
67.115 51.684 -16.945
68.254 52.447 -17.462
67.982 53.942 -17.532
66.714 54.334 -17.578
66.39 55.771 -17.59
66.229 56.397 -16.2
66.196 55.578 -15.147
66.035 56.089 -13.775
67.273 55.899 -12.912
68.094 54.919 -13.265
69.195 54.478 -12.419
70.524 54.625 -13.137
71.555 54.986 -12.385
72.902 55.128 -12.912
73.713 53.843 -12.716
74.88 53.754 -13.353
75.804 52.637 -13.117
76.007 52.444 -11.618
76.165 53.546 -10.89
76.383 53.477 -9.445
75.181 52.83 -8.734
73.963 53.202 -9.125
72.748 52.566 -8.582
72.762 51.068 -8.848
73.078 50.686 -10.084
73.124 49.259 -10.417
74.1 48.501 -9.539
75.296 49.047 -9.368
76.321 48.368 -8.586
75.994 48.394 -7.081
75.275 49.423 -6.635
74.832 49.513 -5.232
73.718 48.509 -4.968
72.789 48.361 -5.913
71.744 47.352 -5.784
72.412 45.981 -5.697
73.361 45.714 -6.587
74.098 44.462 -6.533
74.726 44.219 -5.157
75.425 45.22 -4.631
76.138 45.024 -3.391
75.207 44.899 -2.188
74.077 45.614 -2.182
73.158 45.548 -1.031
72.315 44.277 -1.084
71.833 43.908 -2.271
71.204 42.591 -2.413
72.168 41.5 -1.908
73.441 41.546 -2.327
74.439 40.603 -1.85
74.576 40.664 -0.348
74.78 41.871 0.183
74.948 42.052 1.625
73.836 41.345 2.419
72.584 41.612 2.058
71.466 41.031 2.802
71.468 39.523 2.664
71.739 39.042 1.455
71.816 37.604 1.244
72.919 36.991 2.108
74.087 37.632 2.142
75.234 37.091 2.876
74.982 37.049 4.39
74.145 37.966 4.876
73.739 37.931 6.294
73.03 36.625 6.651
72.478 35.929 5.661
71.799 34.682 6.009
72.677 33.739 6.828
73.973 33.704 6.519
74.929 32.939 7.303
75.638 33.803 8.332
76.132 34.957 7.893
76.878 35.827 8.8
75.941 36.87 9.407
75.158 36.407 10.38
74.145 37.248 11.004
72.967 36.418 11.489
72.487 35.511 10.637
71.243 34.8 10.958
71.566 33.395 11.48
72.199 32.548 10.657
72.583 31.212 11.147
73.544 31.314 12.328
74.473 32.273 12.29
75.211 32.66 13.48
74.879 34.125 13.725
74.297 34.413 14.885
73.904 35.779 15.246
74.826 36.378 16.324
74.395 37.471 16.949
75.227 38.213 17.913
74.751 37.979 19.333
75.682 37.678 20.236
75.325 37.449 21.646
74.706 38.687 22.274
75.225 39.856 21.891
74.758 41.124 22.41
75.142 42.184 21.374
74.625 43.397 21.535
74.789 44.405 20.485
76.198 44.97 20.402
76.984 44.808 21.462
78.395 45.22 21.393
79.153 44.377 20.367
78.609 43.208 20.018
79.22 42.329 19.011
78.708 42.616 17.601
78.063 43.769 17.374
77.499 44.07 16.046
78.466 43.8 14.883
79.73 44.19 15.041
80.703 44.021 13.952
80.946 42.544 13.585
80.67 41.62 14.513
80.747 40.191 14.21
79.96 39.861 12.945
78.783 40.464 12.808
78.013 40.277 11.584
78.25 41.379 10.561
78.438 42.628 10.997
78.512 43.717 10.013
79.881 43.852 9.356
80.961 43.773 10.131
82.295 43.806 9.517
82.457 42.642 8.56
82.013 41.453 8.993
82.167 40.253 8.179
81.263 40.261 6.938
80.04 40.774 7.079
79.123 40.837 5.944
79.535 41.927 4.955
80.078 43.036 5.468
80.615 44.059 4.556
81.812 43.485 3.804
82.687 42.766 4.498
83.804 42.104 3.814
83.284 41.194 2.699
82.241 40.434 3.013
81.635 39.562 2.022
81.034 40.331 0.847
80.331 41.435 1.101
79.771 42.203 -0.025
80.884 42.834 -0.868
81.98 43.245 -0.227
83.117 43.809 -0.976
83.782 42.763 -1.857
83.935 41.555 -1.323
84.519 40.442 -2.076
83.627 40.007 -3.237
82.319 40.035 -3.02
81.33 39.758 -4.058
81.457 40.779 -5.199
81.413 42.067 -4.868
81.491 43.103 -5.879
82.822 43.039 -6.602
83.892 42.783 -5.845
85.259 42.724 -6.384
85.451 41.54 -7.329
84.912 40.379 -6.953
85.016 39.2 -7.81
84.235 39.346 -9.098
83.046 39.944 -9.022
82.167 40.096 -10.184
82.593 41.241 -11.098
83.243 42.25 -10.514
83.57 43.478 -11.248
85.055 43.766 -11.258
85.389 45.038 -11.042
86.773 45.48 -10.941
87.218 45.474 -9.492
88.158 44.603 -9.161
88.69 44.56 -7.798
89.388 45.87 -7.444
90.181 46.395 -8.378
90.888 47.659 -8.13
89.931 48.808 -7.829
88.878 48.954 -8.628
87.917 50.045 -8.426
87.207 49.869 -7.077
86.805 48.641 -6.755
86.198 48.414 -5.456
87.135 48.736 -4.302
88.387 48.298 -4.395
89.337 48.581 -3.327
89.544 50.094 -3.184
89.729 50.751 -4.324
89.908 52.211 -4.343
88.731 52.892 -3.656
87.51 52.503 -4.02
86.336 53.126 -3.424
86.252 52.896 -1.921
86.548 51.673 -1.497
86.504 51.383 -0.086
87.585 52.087 0.716
88.736 52.333 0.091
89.798 53.097 0.751
89.46 54.594 0.808
88.806 55.125 -0.23
88.304 56.512 -0.151
87.347 56.669 1.037
86.483 55.676 1.241
85.531 55.717 2.353
86.252 55.638 3.686
87.234 54.747 3.787
88.012 54.644 5.018
88.758 55.924 5.356
89.555 56.4 4.411
90.397 57.578 4.675
89.589 58.854 4.807
88.561 59.002 3.978
87.786 60.238 3.927
86.633 60.374 4.9
86.061 59.241 5.296
84.891 59.255 6.17
85.122 58.526 7.48
85.661 57.312 7.437
85.847 56.575 8.695
86.959 57.153 9.578
88.069 57.588 8.981
89.116 58.21 9.778
88.565 59.438 10.506
87.682 60.189 9.838
87.059 61.38 10.45
86.242 60.989 11.672
85.499 59.887 11.588
84.763 59.422 12.76
85.707 59.029 13.911
86.804 58.357 13.568
87.776 57.903 14.566
88.536 59.079 15.201
88.447 60.248 14.562
89.043 61.517 15.045
87.986 62.406 15.701
86.81 61.84 15.987
85.668 62.624 16.467
85.253 62.25 17.893
84.354 63.049 18.507
83.849 62.709 19.85
83.122 61.364 19.921
82.669 60.859 18.77
81.973 59.578 18.739
82.903 58.386 18.549
84.217 58.609 18.549
85.162 57.507 18.336
84.868 56.296 19.218
84.948 55.104 18.623
84.714 53.857 19.357
85.49 52.734 18.69
85.856 51.683 19.443
86.416 50.479 18.801
85.353 49.771 17.964
85.785 48.895 17.054
84.801 48.171 16.228
83.855 47.317 17.083
84.331 46.915 18.269
83.495 46.302 19.303
83.362 47.355 20.412
82.263 48.111 20.419
82.11 49.166 21.438
82.1 48.646 22.875
82.517 49.512 23.795
82.46 49.214 25.219
81.308 49.89 25.948
80.765 50.961 25.373
79.764 51.786 26.041
78.806 52.316 24.999
77.521 52.059 25.213
76.478 52.516 24.3
75.292 53.053 25.085
74.773 54.221 24.698
73.492 54.69 25.245
72.342 54.257 24.326
72.45 54.625 23.05
71.445 54.288 22.046
72.124 53.441 20.974
71.791 52.153 20.945
72.45 51.239 20.02
72.268 51.637 18.56
71.164 52.303 18.226
70.997 52.725 16.831
72.056 53.743 16.388
72.783 54.316 17.353
73.89 55.244 17.049
75.184 54.536 16.675
75.19 53.2 16.737
76.429 52.445 16.526
76.446 51.59 15.261
75.575 51.965 14.326
75.575 51.385 12.979
76.479 52.257 12.115
77.779 52.148 12.381
78.721 53.215 11.999
79.736 52.796 10.958
80.373 53.804 10.366
81.503 53.586 9.471
82.568 52.723 10.153
82.743 52.924 11.46
83.682 52.147 12.229
83.266 50.663 12.295
82.043 50.399 12.746
81.587 49.027 12.935
81.517 48.271 11.598
81.079 48.98 10.564
80.924 48.425 9.208
82.225 48.382 8.427
82.727 49.567 8.067
83.87 49.649 7.163
85.204 49.336 7.835
85.469 49.913 9.009
86.69 49.499 9.715
86.555 48.03 10.15
85.34 47.633 10.527
85.09 46.233 10.829
85.522 45.322 9.685
85.154 45.694 8.452
85.556 44.916 7.278
87.064 44.922 7.071
87.693 46.075 7.3
89.152 46.142 7.193
89.85 45.196 8.162
89.265 45.021 9.356
89.781 44.071 10.333
89.622 42.632 9.842
88.452 42.309 9.287
88.269 40.989 8.663
89.297 40.778 7.537
89.494 41.816 6.717
90.427 41.737 5.598
91.873 41.566 6.09
92.223 42.164 7.234
93.546 41.919 7.81
93.722 40.47 8.232
92.677 39.871 8.81
92.732 38.44 9.086
92.971 37.66 7.785
92.249 38.012 6.723
92.415 37.375 5.428
93.856 37.538 4.919
94.41 38.736 5.079
95.799 38.989 4.684
96.804 38.131 5.466
96.599 38.005 6.772
97.491 37.215 7.615
97.378 35.711 7.401
96.195 35.242 7.014
95.943 33.803 6.913
96.048 33.261 5.501
95.708 34.085 4.508
95.519 33.643 3.126
94.135 33.036 2.943
93.673 32.976 1.699
92.315 32.519 1.397
92.002 31.118 1.939
92.902 30.163 1.723
92.626 28.779 2.147
92.411 28.67 3.663
93.34 29.198 4.455
93.165 29.178 5.91
92.012 30.051 6.398
91.76 31.159 5.698
90.626 32.001 6.048
89.34 31.202 5.901
89.218 30.471 4.796
88.022 29.655 4.588
87.928 28.511 5.599
89.066 27.922 5.974
89.061 26.924 7.055
88.521 27.551 8.339
88.916 28.796 8.612
88.403 29.523 9.769
86.91 29.755 9.68
86.427 30.118 8.492
84.987 30.322 8.281
84.241 29.019 8.578
84.789 27.92 8.074
84.173 26.605 8.257
84.126 26.211 9.733
85.213 26.45 10.456
85.248 26.156 11.89
84.273 27.041 12.683
84.208 28.325 12.316
83.247 29.263 12.899
81.812 28.752 12.774
81.415 28.362 11.566
80.067 27.826 11.375
79.871 26.499 12.101
80.858 25.607 12.037
80.752 24.321 12.754
80.472 24.531 14.232
81.207 25.447 14.86
81.081 25.667 16.289
79.838 26.452 16.676
79.431 27.394 15.826
78.485 28.408 16.255
77.164 28.473 15.489
77.014 27.649 14.458
75.742 27.546 13.743
74.621 27.299 14.745
73.559 28.086 14.621
72.374 27.978 15.491
72.543 28.672 16.829
73.587 29.49 16.969
73.829 30.215 18.212
74.09 31.715 18.027
74.172 32.413 19.158
74.521 33.833 19.232
75.936 34.003 19.769
76.855 34.432 18.902
78.284 34.363 19.189
78.901 35.746 19.423
80.204 35.761 19.694
80.923 36.999 19.967
82.04 37.223 18.951
82.523 38.465 18.888
83.702 38.764 18.072
84.86 37.856 18.457
85.043 37.662 19.757
86.127 36.795 20.206
85.98 35.365 19.693
84.75 34.845 19.65
84.538 33.502 19.104
85.041 33.41 17.671
84.779 34.457 16.89
85.171 34.469 15.489
86.7 34.457 15.344
87.361 35.317 16.111
88.818 35.374 16.084
89.401 34.03 16.519
88.818 33.429 17.558
89.302 32.136 18.025
89.165 31.054 16.961
88.06 31.064 16.215
87.889 30.109 15.129
88.969 30.297 14.067
89.265 31.553 13.723
90.282 31.843 12.715
91.656 31.38 13.195
91.979 31.668 14.453
93.262 31.264 15.039
93.386 29.737 15.071
92.334 29.066 15.532
92.382 27.608 15.712
92.484 26.849 14.395
91.762 27.319 13.382
91.779 26.686 12.067
93.119 26.84 11.353
93.776 27.979 11.559
94.951 28.342 10.77
96.28 28.154 11.476
96.242 28.017 12.805
97.453 27.978 13.631
98.244 29.296 13.565
97.56 30.379 13.188
98.154 31.724 13.202
97.755 32.408 14.511
98.748 32.873 15.264
98.504 33.513 16.554
97.886 34.893 16.353
96.636 35.04 16.791
95.93 36.312 16.698
95.711 36.972 18.063
96.506 36.593 19.068
96.37 37.149 20.416
96.567 38.669 20.426
97.662 39.126 19.829
97.919 40.56 19.743
96.929 41.214 18.78
96.639 40.513 17.689
95.713 41.019 16.69
94.367 41.432 17.301
93.916 40.695 18.32
92.634 40.994 18.985
92.495 42.434 19.46
93.615 43.121 19.695
93.554 44.509 20.151
92.853 45.437 19.154
92.795 45.036 17.889
92.023 45.8 16.912
90.537 45.884 17.272
90.02 44.919 18.038
88.62 44.964 18.472
88.363 45.906 19.633
89.422 46.168 20.401
89.351 46.866 21.681
89.8 48.325 21.642
90.575 48.692 20.624
91.191 50.017 20.591
90.61 50.859 19.469
90.194 52.072 19.816
89.689 53.028 18.841
90.814 53.892 18.271
90.469 54.72 17.289
91.436 55.643 16.7
92.221 55.016 15.565
92.842 55.878 14.76
93.585 55.447 13.578
95.087 55.41 13.875
95.729 54.239 13.757
97.181 54.24 13.94
97.873 55.032 12.837
98.983 55.649 13.212
99.86 56.328 12.272
101.144 55.513 12.176
101.465 55.075 10.965
102.662 54.283 10.733
103.678 55.158 9.993
104.83 55.351 10.634
105.898 56.196 10.103
106.998 55.29 9.587
107.41 55.536 8.345
108.435 54.731 7.703
109.619 55.607 7.291
110.804 55.16 7.685
112.055 55.748 7.225
112.863 54.649 6.569
113.566 54.988 5.498
114.334 53.963 4.807
115.796 54.33 4.598
116.576 53.324 4.231
117.993 53.501 3.97
118.447 52.446 2.988
119.114 52.885 1.929
119.757 51.957 1.027
121.264 52.034 1.212
121.862 50.887 1.502
123.296 50.795 1.743
123.988 50.113 0.566
124.688 50.901 -0.275
125.341 50.36 -1.464
126.492 49.395 -1.154
127.132 49.581 0
128.264 48.748 0.403
127.808 47.321 0.654
126.633 47.176 1.27
126.128 45.865 1.683
124.983 45.353 0.813
124.49 46.212 -0.081
123.346 45.904 -0.946
122.127 45.527 -0.095
121.935 46.295 0.971
120.81 46.101 1.885
119.911 47.318 1.919
118.609 47.049 1.933
117.581 48.074 2.096
116.949 47.866 3.46
116.911 48.918 4.27
116.366 48.839 5.625
115.162 49.763 5.78
114.047 49.201 6.251
112.868 49.986 6.632
112.801 50.073 8.145
112.759 51.295 8.658
112.58 51.53 10.083
111.139 51.995 10.236
110.331 51.158 10.885
108.885 51.379 10.924
108.427 51.579 12.364
107.699 52.671 12.575
107.165 53.047 13.885
105.649 53.128 13.803
104.977 52.93 14.932
103.533 53.134 14.993
103.154 53.856 16.267
102.076 54.626 16.187
101.409 55.169 17.372
99.952 55.432 17.021
99.082 55.316 18.013
97.707 55.74 17.858
97.517 56.869 18.838
97.141 58.051 18.341
96.835 59.165 19.236
95.68 58.832 20.161
95.734 59.353 21.379
94.597 59.247 22.287
93.321 59.75 21.633
92.204 59.155 22.034
90.887 59.541 21.559
90.06 59.902 22.798
88.927 60.604 22.62
88.177 61.035 23.803
87.671 59.879 24.661
87.482 58.717 24.047
87.004 57.532 24.751
88.105 56.716 25.42
89.362 56.928 25.015
90.486 56.104 25.487
91.767 56.892 25.653
92.158 57.085 26.909
93.438 57.736 27.229
94.625 56.803 27.018
94.401 55.494 27.08
95.48 54.53 26.903
95.421 53.907 25.513
96.556 53.946 24.825
96.714 53.309 23.526
97.963 52.442 23.544
97.9 51.329 22.82
98.984 50.356 22.749
99.249 50.005 21.292
100.45 49.485 20.995
100.739 49.047 19.628
99.832 47.911 19.179
99.539 47.903 17.885
98.717 46.868 17.268
99.558 45.936 16.421
98.957 44.813 16.042
99.549 43.915 15.068
99.119 44.393 13.69
100.026 45.095 13.016
99.717 45.733 11.745
100.343 44.947 10.591
99.517 44.326 9.724
100.04 43.686 8.518
100.417 44.776 7.521
101.709 44.863 7.215
102.237 45.967 6.435
102.869 45.451 5.154
102.082 45.466 4.079
102.498 44.862 2.807
103.398 45.802 2.018
104.508 45.262 1.521
105.435 46.04 0.699
105.771 45.36 -0.617
106.319 46.149 -1.536
106.924 45.633 -2.765
108.044 46.589 -3.142
109.165 46.042 -3.609
110.319 46.867 -3.987
110.57 46.777 -5.483
110.78 47.936 -6.112
110.958 48.009 -7.567
112.346 48.495 -7.951
112.965 47.826 -8.922
114.2 48.359 -9.514
113.867 49.47 -10.514
114.883 50.088 -11.118
114.609 51.274 -11.946
113.935 50.983 -13.288
113.784 49.696 -13.602
113.027 49.293 -14.779
111.595 48.91 -14.425
111.276 48.945 -13.132
109.926 48.622 -12.668
109.728 47.146 -12.395
110.833 46.417 -12.292
110.783 44.989 -11.999
110.787 44.784 -10.498
110.013 43.805 -10.045
109.934 43.486 -8.625
111.236 42.84 -8.15
111.8 43.397 -7.081
112.999 42.869 -6.437
112.573 41.81 -5.421
113.053 40.559 -5.573
112.737 39.522 -4.58
113.15 39.925 -3.164
112.238 39.741 -2.209
112.498 40.061 -0.813
113.13 38.866 -0.126
114.274 39.099 0.507
115.022 38.038 1.17
115.963 38.6 2.218
116.397 37.737 3.133
117.367 38.083 4.16
118.095 36.811 4.583
119.421 36.901 4.7
120.256 35.761 5.111
120.074 34.486 4.301
119.757 34.63 3.019
119.584 33.48 2.134
118.224 32.81 2.199
117.252 33.477 2.819
115.879 32.974 2.879
114.912 34.043 2.38
113.861 33.639 1.633
112.823 34.589 1.221
112.086 35.147 2.434
111.632 36.388 2.321
110.878 37.04 3.381
109.491 37.353 2.83
108.467 37.154 3.657
107.1 37.436 3.243
106.907 38.936 3.05
106.198 39.313 1.995
105.996 40.733 1.681
105.067 41.441 2.665
104.312 40.667 3.44
103.481 41.237 4.505
104.299 41.268 5.779
104.787 42.454 6.132
105.597 42.607 7.327
104.699 42.664 8.555
105.128 42.02 9.638
104.401 42.098 10.902
104.917 43.248 11.744
104.234 44.386 11.628
104.556 45.58 12.402
103.779 45.484 13.722
104.464 44.976 14.741
103.841 44.673 16.03
104.357 45.531 17.188
105.487 46.209 16.971
106.157 47.003 18.008
105.957 48.5 17.805
106.271 49.285 18.834
106.29 50.741 18.699
107.302 51.155 17.626
108.442 50.464 17.603
109.447 50.681 16.57
110.185 49.388 16.285
110.493 49.19 15.011
111.203 47.997 14.575
111.876 48.247 13.239
112.888 47.439 12.946
113.577 47.527 11.663
113.424 46.237 10.881
113.324 46.376 9.569
113.24 45.244 8.668
114.347 45.401 7.645
115.219 44.399 7.557
116.393 44.464 6.68
116.242 43.463 5.54
116.52 43.912 4.318
116.417 43.058 3.144
117.752 43.088 2.442
118.279 41.915 2.116
119.558 41.888 1.413
119.41 41.499 -0.054
120.533 41.396 -0.767
120.488 41.146 -2.204
119.595 42.153 -2.927
119.641 43.391 -2.45
118.984 44.501 -3.124
120.09 45.196 -3.91
120.193 44.849 -5.186
121.401 45.157 -5.96
121.457 46.601 -6.402
120.287 47.22 -6.501
120.212 48.629 -6.844
119.14 49.314 -5.995
119.251 50.632 -5.846
118.371 51.39 -4.962
116.904 51.214 -5.361
116.055 50.743 -4.428
114.676 50.467 -4.829
113.744 51.656 -4.67
112.63 51.611 -5.391
111.478 52.459 -5.095
110.471 51.539 -4.409
110.066 51.882 -3.172
109.105 51.015 -2.483
107.656 51.365 -2.78
106.813 50.341 -2.843
105.376 50.52 -2.679
105.073 50.065 -1.253
104.398 50.921 -0.493
104.211 50.713 0.946
102.717 50.613 1.259
102.379 49.787 2.253
100.972 49.563 2.661
100.141 49.149 1.455
100.665 48.183 0.714
100.03 47.743 -0.515
98.586 47.281 -0.302
97.732 47.653 -1.257
96.292 47.386 -1.204
95.682 47.853 0.119
96.301 48.868 0.744
95.818 49.436 2.027
95.729 48.269 3.014
96.876 47.657 3.277
96.906 46.363 3.989
96.508 46.44 5.46
96.476 47.653 6.009
95.98 47.895 7.371
95.324 49.28 7.36
94.292 49.493 8.193
93.595 50.782 8.193
94.357 51.823 9.006
95.39 52.366 8.373
96.321 53.245 9.07
96.681 54.436 8.184
97.183 55.497 8.817
97.782 56.623 8.098
99.261 56.35 7.883
99.732 56.518 6.651
101.144 56.268 6.344
101.924 57.579 6.273
103.021 57.646 7.017
103.934 58.796 6.936
105.257 58.332 6.358
105.496 58.689 5.1
106.764 58.374 4.445
107.079 59.559 3.548
108.347 59.977 3.532
108.751 61.193 2.813
109.006 60.915 1.333
107.92 60.667 0.611
107.95 60.435 -0.819
108.585 61.61 -1.547
109.367 61.309 -2.584
109.661 62.317 -3.604
108.56 62.248 -4.661
108.324 63.346 -5.379
107.349 63.332 -6.46
107.661 62.258 -7.504
108.949 62.036 -7.747
109.356 61.134 -8.803
109.2 59.678 -8.407
109.357 59.383 -7.119
109.022 58.035 -6.628
107.547 57.763 -6.926
106.696 58.746 -6.65
105.254 58.585 -6.841
104.854 58.448 -8.31
105.434 59.266 -9.188
105.095 59.15 -10.603
105.665 57.854 -11.207
106.807 57.41 -10.695
107.362 56.095 -11.026
106.355 54.985 -10.688
105.791 55.039 -9.487
104.787 54.041 -9.1
103.532 54.114 -9.966
103.124 55.328 -10.33
101.971 55.5 -11.213
102.202 54.79 -12.548
103.457 54.755 -12.991
103.805 54.104 -14.253
104.052 52.602 -14.091
104.635 52.189 -12.971
105.203 50.833 -12.868
104.6 49.884 -11.827
103.911 50.408 -10.815
103.441 49.528 -9.746
102.578 48.409 -10.326
102.751 47.203 -9.803
102.086 46.07 -10.434
100.585 45.952 -10.103
100.178 46.384 -8.911
98.754 46.386 -8.57
98.159 47.749 -8.89
97.049 47.756 -9.613
96.383 49.004 -9.979
96.062 49.88 -8.78
95.795 49.27 -7.626
95.528 50.081 -6.445
96.711 51.001 -6.114
97.927 50.465 -6.209
99.152 51.21 -5.883
99.324 52.429 -6.772
98.9 52.297 -8.02
99.045 53.384 -8.984
98.111 54.528 -8.625
96.873 54.201 -8.27
95.929 55.202 -7.781
96.434 55.826 -6.474
96.919 54.993 -5.561
97.362 55.434 -4.237
98.541 56.41 -4.364
99.464 56.099 -5.269
100.606 56.992 -5.53
100.127 58.356 -6.028
99.135 58.37 -6.915
98.542 59.623 -7.386
97.922 60.407 -6.231
97.352 59.701 -5.255
96.756 60.372 -4.095
97.796 61.057 -3.243
98.922 60.378 -3.042
100.022 60.947 -2.273
100.598 62.148 -3.005
100.672 62.054 -4.326
101.208 63.165 -5.123
100.308 64.387 -4.983
99 64.187 -5.109
98.04 65.291 -5.02
97.999 65.898 -3.627
98.13 65.058 -2.598
98.032 65.517 -1.207
98.976 66.685 -0.919
100.222 66.55 -1.358
101.225 67.604 -1.197
100.717 68.934 -1.736
100.107 68.895 -2.917
99.703 70.125 -3.614
98.347 70.655 -3.169
97.491 69.758 -2.669
96.281 70.199 -2.003
96.639 70.966 -0.735
97.574 70.43 0.045
98.022 71.108 1.263
98.682 72.443 0.914
99.577 72.435 -0.073
100.216 73.695 -0.528
99.174 74.753 -0.85
98.189 74.377 -1.656
97.252 75.353 -2.184
96.179 75.831 -1.206
95.87 75.007 -0.205
94.988 75.476 0.863
95.704 76.574 1.665
96.984 76.354 1.977
97.79 77.378 2.647
97.854 78.651 1.809
98.03 78.501 0.499
98.051 79.656 -0.4
96.711 80.375 -0.396
95.617 79.613 -0.459
94.284 80.21 -0.426
94.095 81.104 0.802
94.576 80.631 1.945
94.425 81.339 3.214
95.205 82.646 3.238
96.203 82.739 2.365
96.98 83.973 2.212
96.606 84.763 0.952
95.49 84.396 0.33
94.957 85.12 -0.818
95.713 84.895 -2.114
96.399 83.758 -2.206
97.238 83.45 -3.366
96.63 82.379 -4.238
96.824 82.492 -5.569
96.218 81.552 -6.504
96.939 80.211 -6.552
96.294 79.23 -7.174
96.876 77.901 -7.29
98.28 77.885 -7.889
99.147 77.068 -7.297
100.495 76.82 -7.817
100.697 75.313 -7.903
101.139 74.839 -9.065
101.333 73.407 -9.289
102.544 73.217 -10.192
103.502 72.372 -9.778
104.647 72.152 -10.663
104.22 71.492 -11.964
104.938 71.811 -13.035
104.65 71.268 -14.364
104.594 69.734 -14.332
105.532 69.117 -13.626
105.631 67.658 -13.642
104.393 66.94 -13.051
103.565 67.658 -12.282
102.308 67.095 -11.765
101.202 66.963 -12.821
100.881 68.047 -13.529
99.954 67.965 -14.654
100.452 66.951 -15.686
101.774 66.861 -15.831
102.404 65.891 -16.731
102.011 64.461 -16.365
101.959 64.161 -15.066
101.637 62.797 -14.62
100.204 62.429 -15.008
99.289 63.382 -14.875
97.905 63.156 -15.279
97.705 63.139 -16.788
98.522 63.907 -17.509
98.52 63.811 -18.963
98.919 62.396 -19.386
99.941 61.848 -18.733
100.442 60.517 -19.054
99.374 59.445 -18.796
98.591 59.621 -17.735
97.474 58.715 -17.455
96.458 58.736 -18.593
96.096 59.937 -19.046
95.152 60.112 -20.145
95.608 59.452 -21.438
96.899 59.553 -21.727
97.426 59.105 -23.015
97.958 57.672 -23.008
97.975 57.037 -21.837
98.468 55.67 -21.719
97.456 54.684 -22.295
97.854 53.995 -23.361
96.982 53.019 -24.015
96.833 51.725 -23.212
97.848 51.393 -22.422
97.886 50.122 -21.691
97.094 50.136 -20.382
96.756 51.327 -19.892
96.061 51.453 -18.608
94.582 51.07 -18.729
94.095 50.32 -17.743
92.687 49.972 -17.647
91.886 51.264 -17.501
90.892 51.494 -18.382
90.029 52.672 -18.235
89.427 52.811 -16.829
89.106 51.683 -16.187
88.613 51.676 -14.807
89.573 52.402 -13.865
90.861 52.109 -14.005
91.881 52.739 -13.165
92.087 54.2 -13.54
92.244 54.465 -14.835
92.378 55.839 -15.312
91.274 56.737 -14.775
90.03 56.263 -14.832
88.881 57.027 -14.362
89.011 57.435 -12.893
89.518 56.523 -12.07
89.671 56.801 -10.636
90.834 57.755 -10.355
91.947 57.59 -11.067
93.059 58.54 -10.944
92.58 59.943 -11.333
91.706 60.009 -12.332
91.198 61.291 -12.834
90.001 61.81 -12.054
89.674 61.152 -10.945
88.607 61.603 -10.062
89.291 62.196 -8.832
89.201 63.517 -8.685
89.904 64.162 -7.584
89.287 63.758 -6.238
90.101 63.738 -5.175
89.552 63.476 -3.836
88.407 64.418 -3.509
87.383 63.917 -2.823
86.228 64.731 -2.448
86.638 65.757 -1.4
85.777 66.735 -1.148
86.082 67.716 -0.097
86.207 67.077 1.282
85.45 66.004 1.533
85.634 65.284 2.788
86.954 64.505 2.859
87.375 63.893 1.749
88.702 63.271 1.693
89.803 64.312 1.912
89.645 65.476 1.29
90.649 66.546 1.435
90.749 67.065 2.863
89.604 67.156 3.541
89.57 67.616 4.936
90.49 66.799 5.853
90.652 65.511 5.556
91.433 64.672 6.453
92.93 64.86 6.308
93.318 65.714 5.362
94.719 66.07 5.22
95.127 67.138 6.228
94.153 67.695 6.945
94.38 68.886 7.764
94.016 68.702 9.225
94.79 69.331 10.103
94.473 69.327 11.534
93.269 70.209 11.842
93.261 71.408 11.275
92.107 72.286 11.368
91.555 72.443 9.965
90.28 72.114 9.799
89.652 72.128 8.486
89.199 73.535 8.121
89.641 74.007 6.958
89.114 75.224 6.376
88.263 74.808 5.177
86.949 74.676 5.378
86.153 74.06 4.307
85.949 74.955 3.085
86.069 76.27 3.277
85.939 77.182 2.153
87.202 77.104 1.287
88.375 77.161 1.919
89.639 76.967 1.201
89.659 75.639 0.457
89.238 74.571 1.132
89.221 73.249 0.497
88.345 73.236 -0.762
87.129 73.765 -0.654
86.201 73.774 -1.792
86.756 74.594 -2.953
87.33 75.749 -2.63
87.814 76.628 -3.694
89.087 76.089 -4.349
89.938 75.454 -3.55
91.133 74.799 -4.069
90.752 73.602 -4.951
89.732 72.849 -4.538
89.282 71.725 -5.358
88.818 72.203 -6.733
88.056 73.296 -6.764
87.633 73.87 -8.045
88.822 74.422 -8.827
89.731 75.104 -8.141
90.894 75.677 -8.829
91.767 74.589 -9.452
91.935 73.483 -8.728
92.696 72.342 -9.233
92.016 71.728 -10.464
90.694 71.608 -10.401
89.888 71.121 -11.521
90.066 72.022 -12.744
89.977 73.336 -12.531
90.149 74.315 -13.616
91.545 74.272 -14.233
92.569 74.168 -13.393
93.948 74.132 -13.881
94.201 72.901 -14.746
93.728 71.748 -14.285
93.911 70.526 -15.048
93.064 70.563 -16.315
91.872 71.148 -16.225
90.993 71.336 -17.388
91.715 72.138 -18.471
92.402 73.2 -18.055
93.101 74.068 -19.005
94.33 73.381 -19.594
95.168 72.804 -18.73
96.425 72.18 -19.147
96.216 70.915 -19.981
95.076 70.256 -19.793
94.817 68.98 -20.471
93.631 69.017 -21.436
93.193 70.218 -21.825
91.983 70.4 -22.635
91.884 69.477 -23.854
92.968 69.377 -24.62
92.949 68.584 -25.852
92.87 67.099 -25.555
93.694 66.657 -24.609
93.766 65.251 -24.215
92.444 64.79 -23.605
91.854 65.637 -22.763
90.556 65.328 -22.151
89.455 65.128 -23.185
89.427 65.981 -24.205
88.415 65.869 -25.245
88.645 64.622 -26.103
89.915 64.312 -26.384
90.263 63.123 -27.177
89.78 61.859 -26.474
90.034 61.779 -25.172
89.667 60.593 -24.393
88.153 60.517 -24.165
87.519 61.666 -23.945
86.062 61.766 -23.893
85.419 61.174 -25.156
85.886 61.605 -26.326
85.354 61.093 -27.583
85.667 59.625 -27.837
86.878 59.202 -27.48
87.324 57.823 -27.711
86.463 56.821 -26.949
85.903 57.251 -25.819
85.141 56.347 -24.947
83.636 56.421 -25.106
83.182 57.123 -26.142
81.777 57.136 -26.51
81.286 55.707 -26.772
80.09 55.403 -26.266
79.456 54.092 -26.459
78.004 54.297 -26.846
77.643 53.874 -28.058
76.261 54.019 -28.513
75.318 53.062 -27.788
75.776 51.838 -27.543
75.003 50.876 -26.752
75.19 51.143 -25.262
74.097 51.074 -24.503
74.199 51.141 -23.039
74.129 49.732 -22.441
75.176 49.36 -21.709
75.263 48.046 -21.043
75.705 48.217 -19.603
75.038 47.493 -18.703
75.47 47.383 -17.307
76.455 46.217 -17.233
77.643 46.461 -17.777
78.702 45.461 -17.893
79.995 46.172 -17.559
80.88 45.504 -16.827
82.021 46.184 -16.21
82.952 46.889 -17.176
83.191 46.319 -18.353
84.067 47.007 -19.31
83.412 48.288 -19.811
82.111 48.227 -20.077
81.359 49.402 -20.515
81.269 50.455 -19.422
81.053 49.997 -18.194
80.968 50.909 -17.054
82.29 51.642 -16.878
83.401 50.929 -17.06
84.735 51.535 -16.931
84.952 52.647 -17.958
84.647 52.358 -19.224
84.792 53.346 -20.29
83.936 54.583 -20.035
82.71 54.366 -19.581
81.767 55.448 -19.306
82.225 56.274 -18.097
82.758 55.593 -17.085
83.268 56.284 -15.899
84.456 57.158 -16.298
85.321 56.643 -17.176
86.431 57.449 -17.713
85.915 58.63 -18.533
84.975 58.38 -19.442
84.411 59.449 -20.252
83.849 60.56 -19.376
83.08 60.178 -18.355
82.468 61.168 -17.481
83.463 61.817 -16.507
84.558 61.13 -16.186
85.664 61.754 -15.425
86.267 62.89 -16.244
86.448 62.633 -17.538
86.896 63.669 -18.46
85.896 64.808 -18.542
84.609 64.479 -18.596
83.564 65.502 -18.656
83.646 66.509 -17.5
83.96 66.025 -16.3
84.061 66.902 -15.125
85.021 68.05 -15.398
86.155 67.73 -16.012
87.164 68.753 -16.347
86.718 69.594 -17.532
86.148 68.937 -18.543
85.718 69.647 -19.753
84.658 70.702 -19.453
83.889 70.485 -18.386
82.876 71.44 -17.934
83.492 72.779 -17.537
84.777 72.755 -17.194
85.507 73.959 -16.79
86.371 74.53 -17.919
86.096 74.111 -19.151
86.77 74.686 -20.323
86.18 76.04 -20.664
86.54 76.574 -21.834
85.942 77.821 -22.307
84.431 77.681 -22.229
83.796 78.7 -21.664
82.391 78.663 -21.275
81.433 78.191 -22.361
81.501 78.781 -23.552
80.568 78.371 -24.6
80.802 76.925 -25.054
82.071 76.553 -25.209
82.472 75.199 -25.584
81.969 74.173 -24.564
82.188 74.475 -23.284
81.744 73.618 -22.183
80.226 73.514 -22.142
79.543 74.65 -22.286
78.089 74.702 -22.215
77.467 73.829 -23.297
78.028 73.893 -24.501
77.512 73.128 -25.627
77.712 71.629 -25.387
78.912 71.253 -24.958
79.252 69.853 -24.731
78.367 69.238 -23.648
78.213 69.962 -22.547
77.438 69.476 -21.408
75.951 69.352 -21.743
75.37 70.383 -22.354
73.954 70.34 -22.709
73.679 69.252 -23.747
74.62 69.063 -24.675
74.514 68.012 -25.698
74.429 66.64 -25.027
75.329 66.376 -24.078
75.313 65.076 -23.381
74.011 64.849 -22.611
73.518 65.884 -21.934
72.272 65.776 -21.185
71.119 65.405 -22.106
71.049 66.071 -23.256
69.948 65.855 -24.185
70.072 64.577 -25.025
71.296 64.181 -25.355
71.534 63.004 -26.206
71.696 61.706 -25.413
71.818 61.813 -24.093
72.026 60.629 -23.254
70.942 59.578 -23.479
71.349 58.316 -23.631
70.378 57.226 -23.726
70.299 56.396 -22.442
70.767 56.993 -21.345
70.788 56.343 -20.032
70.971 57.408 -18.96
70.571 57.092 -17.733
70.627 58.078 -16.662
72.05 58.387 -16.18
72.992 57.452 -16.334
74.378 57.714 -15.937
74.908 58.93 -16.674
74.742 58.914 -17.992
75.26 60.015 -18.811
74.474 61.305 -18.632
73.163 61.19 -18.458
72.335 62.375 -18.213
72.724 63.034 -16.888
72.832 62.234 -15.833
73.205 62.785 -14.534
74.61 63.371 -14.534
75.544 62.744 -15.247
76.919 63.262 -15.312
76.906 64.669 -15.907
76.122 64.848 -16.966
76.031 66.155 -17.618
75.366 67.176 -16.701
74.252 66.792 -16.093
73.569 67.687 -15.166
74.495 68.101 -14.021
75.244 67.141 -13.484
76.179 67.412 -12.382
77.256 68.424 -12.773
77.742 68.302 -14.006
78.764 69.203 -14.538
78.218 70.626 -14.717
76.98 70.735 -15.193
76.336 72.048 -15.348
76.226 72.756 -14.001
75.9 72 -12.955
75.822 72.558 -11.608
77.222 72.885 -11.076
78.162 71.952 -11.223
79.511 72.141 -10.679
80.19 73.381 -11.249
80.034 73.58 -12.555
80.733 74.658 -13.254
79.861 75.897 -13.425
78.649 75.864 -12.872
77.688 76.981 -12.958
77.502 77.448 -14.401
77.297 76.485 -15.295
77.226 76.763 -16.724
75.928 77.467 -17.094
75.944 78.247 -18.195
74.709 78.892 -18.633
73.487 77.966 -18.729
73.677 76.73 -19.188
72.557 75.806 -19.386
71.968 75.233 -18.088
72.629 75.48 -16.957
72.255 74.834 -15.689
70.772 74.942 -15.343
70.241 76.162 -15.297
68.868 76.354 -14.853
67.866 75.641 -15.761
68.115 75.67 -17.07
67.271 74.98 -18.047
67.292 73.475 -17.821
68.491 72.91 -17.707
68.615 71.461 -17.499
67.951 71.037 -16.186
68.175 71.8 -15.116
67.579 71.463 -13.823
66.052 71.492 -13.867
65.485 72.458 -14.588
64.038 72.549 -14.7
63.47 71.404 -15.556
64.179 71.063 -16.627
63.779 69.976 -17.515
63.728 68.664 -16.737
64.726 68.455 -15.885
64.781 67.249 -15.06
63.622 67.194 -14.065
63.375 68.305 -13.37
62.24 68.438 -12.469
60.927 68.11 -13.199
60.713 68.751 -14.344
59.493 68.533 -15.115
59.296 67.072 -15.517
60.389 66.41 -15.884
60.339 65.023 -16.332
60.186 64.041 -15.177
60.796 64.362 -14.033
60.982 63.355 -12.986
60.359 63.622 -11.619
59.673 64.746 -11.456
59.15 65.136 -10.129
58.313 64.072 -9.403
57.668 63.189 -10.17
56.806 62.146 -9.616
57.605 60.97 -9.052
58.91 60.947 -9.316
59.768 59.82 -8.936
60.772 60.25 -7.868
60.49 59.887 -6.62
61.329 60.288 -5.48
62.783 59.852 -5.597
63.04 58.588 -5.957
64.424 58.119 -6.097
65.217 58.915 -7.122
64.565 59.253 -8.233
65.212 60.022 -9.28
65.398 61.471 -8.814
64.396 62.017 -8.126
64.522 63.392 -7.595
65.597 63.529 -6.523
65.871 62.452 -5.8
66.966 62.484 -4.825
68.3 62.924 -5.423
68.568 62.527 -6.671
69.818 62.917 -7.334
69.845 64.431 -7.55
68.676 64.973 -7.859
68.494 66.404 -8.129
68.579 67.207 -6.823
67.95 66.711 -5.752
68.127 67.326 -4.419
69.602 67.35 -3.999
70.319 66.253 -4.227
71.748 66.215 -3.903
72.508 67.298 -4.668
72.193 67.458 -5.949
72.852 68.487 -6.754
72.528 69.892 -6.253
71.277 70.112 -5.863
70.885 71.421 -5.314
71.652 71.691 -4.029
71.731 70.672 -3.173
72.352 70.821 -1.848
73.861 71.029 -1.891
74.514 70.474 -2.917
75.974 70.521 -3.047
76.429 71.557 -4.084
75.503 72.41 -4.507
75.811 73.433 -5.512
76.84 74.447 -5.001
77.774 74.868 -5.878
78.724 75.927 -5.511
78.115 77.332 -5.56
76.855 77.448 -5.974
76.194 78.756 -6.072
76.179 79.479 -4.731
76.357 80.797 -4.781
76.328 81.617 -3.573
75.013 81.501 -2.791
73.905 81.299 -3.499
72.579 81.261 -2.873
72.096 79.859 -2.489
73.031 78.927 -2.353
72.663 77.53 -2.09
71.735 77.323 -0.88
72.018 77.956 0.26
71.148 77.754 1.418
69.719 78.246 1.155
69.601 79.416 0.537
68.302 79.956 0.168
67.527 78.954 -0.696
68.234 78.355 -1.65
67.632 77.378 -2.561
67.196 76.135 -1.793
68.098 75.61 -0.969
67.793 74.436 -0.14
66.58 74.67 0.771
66.552 75.804 1.48
65.396 76.143 2.315
64.099 76.172 1.5
64.162 76.768 0.314
63.001 76.838 -0.569
62.497 75.462 -0.969
63.437 74.541 -1.164
63.085 73.188 -1.587
62.385 72.35 -0.512
62.348 72.828 0.731
61.511 72.186 1.744
60.032 72.197 1.332
59.69 73.107 0.418
58.325 73.273 -0.073
58.115 72.64 -1.441
59.139 71.966 -1.959
59.066 71.374 -3.288
58.113 70.19 -3.279
57.371 70.026 -4.377
56.363 68.964 -4.481
56.933 67.558 -4.3
58.221 67.393 -4.602
58.873 66.081 -4.508
59.563 65.852 -3.166
59.559 66.858 -2.296
60.172 66.72 -0.976
59.153 66.479 0.13
59.531 65.67 1.115
58.752 65.571 2.343
59.611 65.176 3.525
59.342 65.809 4.664
60.031 65.488 5.912
59.691 64.095 6.449
58.654 63.467 5.894
58.218 62.143 6.337
59.067 61.024 5.733
59.912 61.348 4.754
60.653 60.319 4.038
62.166 60.427 4.251
62.775 59.435 4.93
64.222 59.489 5.194
65.099 59.712 3.965
64.714 59.157 2.813
65.517 59.354 1.614
65.518 60.812 1.189
64.356 61.45 1.244
64.263 62.871 0.889
65.109 63.695 1.843
64.989 63.402 3.135
65.745 64.122 4.159
67.232 64.025 3.89
67.713 62.814 3.634
69.132 62.617 3.412
69.636 63.298 2.138
68.802 63.301 1.095
69.211 63.821 -0.214
69.238 65.343 -0.282
68.409 65.994 0.53
68.389 67.463 0.559
69.143 68.016 1.759
68.681 67.663 2.95
69.245 68.245 4.177
70.581 67.594 4.534
70.638 66.264 4.477
71.888 65.573 4.766
72.992 65.923 3.786
72.645 66.013 2.51
73.623 66.34 1.489
74.179 67.738 1.735
73.313 68.665 2.135
73.776 70.022 2.42
74.762 70.024 3.59
74.347 69.447 4.713
75.158 69.525 5.933
76.442 68.71 5.846
76.357 67.541 5.212
77.465 66.603 5.185
78.333 66.661 3.943
77.725 66.985 2.801
78.443 66.96 1.531
78.724 68.345 0.946
78.197 69.392 1.587
78.575 70.772 1.261
79.136 71.486 2.493
80.246 70.962 3.056
80.787 71.625 4.254
81.136 73.109 4.029
81.508 73.505 2.814
81.775 74.931 2.57
80.568 75.825 2.861
79.382 75.404 2.429
78.154 76.139 2.714
77.632 75.883 4.125
77.712 74.633 4.579
77.254 74.296 5.919
78.044 75.112 6.949
79.328 75.311 6.659
80.227 76.072 7.532
80.382 77.536 7.11
79.375 78.092 6.433
79.382 79.534 6.116
79.709 80.322 7.375
80.521 81.362 7.214
81.058 82.09 8.356
79.974 82.743 9.217
78.847 83.095 8.593
77.718 83.716 9.309
76.928 82.764 10.207
77.218 81.463 10.107
76.587 80.471 10.975
75.212 80.025 10.499
74.823 80.478 9.311
73.508 80.171 8.754
73.285 78.673 8.542
74.346 77.94 8.208
74.227 76.489 8.021
73.854 75.77 9.308
74.498 76.163 10.405
74.198 75.581 11.707
72.766 75.868 12.148
72.308 77.103 11.934
70.958 77.482 12.328
69.928 76.69 11.546
70.178 76.518 10.249
69.306 75.696 9.406
69.215 74.263 9.938
70.37 73.66 10.205
70.378 72.294 10.718
69.641 72.17 12.06
69.787 73.168 12.934
69.061 73.159 14.205
67.531 73.126 13.999
67.029 73.943 13.074
65.608 73.917 12.722
65.182 72.522 12.27
65.973 71.92 11.387
65.607 70.598 10.866
65.655 69.532 11.948
66.67 69.595 12.807
66.808 68.619 13.893
65.763 68.772 14.99
65.264 69.997 15.16
64.197 70.245 16.115
62.93 69.486 15.697
62.66 69.455 14.393
61.561 68.654 13.851
61.888 67.17 13.997
63.044 66.774 13.469
63.335 65.359 13.349
63.588 64.666 14.691
64.04 65.408 15.7
64.175 64.815 17.023
62.879 64.172 17.518
61.749 64.806 17.212
60.448 64.272 17.613
59.913 63.254 16.604
60.095 63.56 15.325
59.52 62.762 14.235
60.22 61.419 14.045
61.545 61.456 13.955
62.322 60.287 13.569
63.741 60.44 14.104
63.944 60.059 15.372
65.259 60.276 16.002
66.427 59.598 15.285
66.204 58.442 14.659
67.302 57.759 13.959
67.81 58.614 12.807
66.893 59.177 12.021
67.291 60.035 10.911
67.912 61.326 11.458
67.341 61.854 12.544
67.923 63.036 13.192
69.375 62.797 13.587
69.646 61.636 14.167
70.99 61.348 14.638
71.996 61.176 13.494
71.556 60.637 12.355
72.436 60.612 11.178
72.767 62.035 10.757
71.756 62.898 10.795
71.904 64.267 10.321
72.732 65.162 11.229
72.798 64.848 12.522
73.55 65.729 13.433
75.067 65.591 13.29
75.531 64.51 12.664
76.954 64.183 12.631
77.864 65.373 12.251
77.523 66.139 11.192
78.425 67.257 10.866
78.658 68.256 11.995
77.685 68.415 12.888
77.827 69.379 13.991
78.752 68.881 15.068
78.885 67.569 15.185
79.692 67.026 16.267
81.212 67.032 15.972
81.564 67.473 14.763
82.956 67.598 14.314
83.542 68.981 14.632
82.865 69.738 15.5
83.223 71.147 15.751
84.69 71.402 16.108
85.309 70.505 16.865
86.697 70.754 17.314
87.723 70.698 16.177
87.3 70.239 14.999
88.156 70.244 13.811
88.199 71.624 13.144
87.38 72.566 13.621
87.21 73.876 12.976
87.791 75.012 13.821
87.896 76.188 13.218
88.453 77.354 13.915
87.557 77.803 15.07
88.1 78.66 15.934
87.426 79.014 17.171
86.061 79.674 16.984
85.948 80.548 15.99
84.695 81.238 15.744
83.622 80.233 15.336
83.994 79.298 14.468
83.073 78.232 14.084
82.699 77.35 15.275
83.679 76.959 16.091
83.382 76.145 17.291
82.358 76.799 18.192
82.495 78.108 18.379
81.576 78.841 19.228
80.136 78.728 18.716
79.955 78.929 17.413
78.624 78.864 16.809
78.076 77.434 16.829
78.945 76.46 16.587
78.498 75.063 16.6
78.139 74.614 18.015
78.928 75.041 19.004
78.579 74.77 20.4
77.233 75.387 20.785
76.98 76.621 20.34
75.706 77.274 20.638
74.535 76.486 20.04
74.719 75.979 18.816
73.702 75.162 18.139
73.427 73.887 18.925
74.502 73.225 19.344
74.386 72 20.116
73.733 72.236 21.473
74.068 73.356 22.117
73.425 73.708 23.38
71.924 73.978 23.225
71.53 74.569 22.099
70.111 74.751 21.812
69.412 73.404 21.702
70.042 72.484 20.977
69.475 71.151 20.825
69.429 70.411 22.154
70.466 70.575 22.972
70.524 69.924 24.288
69.327 70.296 25.17
68.803 71.504 24.982
67.677 71.976 25.783
66.291 71.633 25.267
66.214 70.861 24.183
64.917 70.501 23.6
64.041 69.725 24.565
62.754 70.076 24.606
61.763 69.236 25.267
61.777 67.889 24.546
61.691 66.814 25.322
61.641 65.456 24.787
62.834 65.171 23.88
64.025 65.529 24.351
65.236 65.224 23.593
65.42 63.711 23.5
65.595 63.206 22.278
65.759 61.776 22.085
67.077 61.272 22.656
67.108 60.015 23.094
68.371 59.402 23.519
69.401 59.406 22.402
68.921 59.202 21.174
69.778 59.203 19.986
70.596 60.48 19.917
69.935 61.631 20.016
70.644 62.912 19.942
71.39 63.236 21.22
70.799 62.895 22.357
71.441 63.147 23.649
72.847 62.57 23.689
72.996 61.322 23.251
74.301 60.671 23.312
75.353 61.443 22.51
74.994 61.865 21.296
75.935 62.584 20.437
76.202 64.014 20.907
75.153 64.704 21.346
75.273 66.08 21.839
76.201 66.124 23.056
75.99 65.208 24
76.806 65.114 25.221
78.287 64.955 24.872
78.577 63.99 24.001
79.966 63.77 23.606
80.554 65.005 22.909
79.769 65.658 22.051
80.258 66.816 21.281
80.546 68.027 22.163
79.802 68.141 23.26
79.911 69.294 24.154
80.872 69.051 25.305
81.366 67.822 25.429
82.334 67.487 26.482
83.674 68.192 26.274
