1052
-4.866 2.161 131.119
-3.919 3.17 130.566
-4.285 4.568 131.043
-3.39 5.171 131.816
-3.615 6.508 132.349
-3.681 7.557 131.249
-4.586 8.515 131.412
-4.744 9.586 130.442
-3.626 10.604 130.623
-3.025 11.028 129.517
-1.946 12.002 129.576
-2.517 13.4 129.785
-1.933 14.128 130.73
-2.378 15.479 131.046
-1.187 16.368 131.379
-1.423 17.674 131.399
-0.378 18.642 131.706
-0.208 18.762 133.217
0.959 19.25 133.672
1.203 19.403 135.109
0.037 20.148 135.755
-0.42 19.669 136.908
-1.546 20.303 137.585
-1.359 20.516 139.087
-0.365 19.856 139.674
-0.113 19.994 141.106
1.206 20.711 141.396
2.293 20.231 140.802
3.6 20.842 141.004
3.736 22.082 140.125
2.719 22.938 140.163
2.711 24.163 139.373
2.697 25.393 140.275
3.35 26.481 139.837
3.418 27.73 140.603
2.056 28.391 140.798
1.839 28.949 141.984
0.585 29.624 142.262
0.709 31.085 141.872
-0.298 31.888 142.199
-0.264 33.309 141.87
0.369 34.099 143.007
1.246 35.035 142.659
1.919 35.855 143.66
0.931 36.824 144.294
0.007 37.324 143.48
-1 38.272 143.94
-2.031 38.511 142.839
-3.241 38.891 143.236
-4.314 39.164 142.284
-4.508 40.671 142.139
-4.844 41.11 140.931
-5.063 42.527 140.672
-6.309 42.995 141.412
-6.198 44.128 142.097
-7.322 44.679 142.843
-8.094 45.675 141.984
-8.756 46.624 142.637
-9.538 47.635 141.934
-8.646 48.63 141.197
-9.006 48.92 139.95
-8.261 49.86 139.118
-6.761 49.596 139.079
-6.389 48.35 138.809
-4.983 47.984 138.725
-4.802 46.651 138.012
-3.652 46.491 137.369
-3.335 45.264 136.656
-2.092 44.654 137.288
-1.913 43.352 137.102
-0.758 42.661 137.657
-0.11 41.772 136.605
1.213 41.856 136.506
1.956 41.048 135.55
3.022 40.216 136.255
2.984 38.912 136.007
3.935 37.978 136.595
5.002 37.611 135.573
6.245 37.518 136.03
7.349 37.115 135.171
7.797 35.779 135.75
7.288 34.691 135.182
7.619 33.356 135.662
9.109 33.059 135.567
9.742 32.967 136.729
11.166 32.683 136.822
11.406 31.891 138.102
11.229 30.575 138.02
11.409 29.7 139.176
12.88 29.504 139.536
13.202 29.69 140.811
14.573 29.522 141.275
14.923 28.038 141.352
16.217 27.744 141.436
16.661 26.364 141.514
16.12 25.642 142.733
16.09 24.315 142.666
15.589 23.51 143.773
16.538 23.645 144.967
17.71 24.223 144.722
18.701 24.414 145.774
18.756 25.868 146.223
17.996 26.726 145.546
17.967 28.141 145.892
17.74 28.297 147.387
18.3 29.356 147.958
18.166 29.596 149.385
17.832 31.046 149.727
17.902 31.922 148.731
17.618 33.335 148.946
16.744 33.907 147.835
16.021 35.001 148.124
15.17 35.596 147.091
16.035 36.077 145.927
15.617 35.754 144.708
16.365 36.147 143.519
16.422 37.662 143.367
17.487 38.148 142.737
17.661 39.578 142.518
16.985 40.004 141.218
16.02 40.911 141.33
15.291 41.405 140.168
15.304 42.929 140.123
16.33 43.524 140.724
16.467 44.975 140.765
16.571 45.58 139.367
17.206 44.851 138.454
17.377 45.318 137.083
16.147 45.042 136.221
15.282 44.151 136.695
14.068 43.81 135.963
13.147 45.024 135.982
12.538 45.334 134.843
11.644 46.483 134.766
10.658 46.372 133.611
9.775 47.361 133.508
8.775 47.388 132.449
8.696 48.762 131.795
8.379 48.772 130.505
8.229 50.014 129.76
6.743 50.15 129.46
6.081 51.068 130.155
4.65 51.269 129.971
4.323 52.514 129.157
3.377 52.367 128.235
2.948 53.467 127.38
1.588 53.116 126.783
0.724 54.115 126.639
-0.598 53.885 126.071
-0.791 54.664 124.773
-1.359 53.998 123.772
-1.602 54.615 122.474
-3.07 54.503 122.077
-3.318 54.328 120.782
-4.678 54.206 120.27
-5.333 52.903 120.715
-4.632 51.794 120.501
-5.138 50.475 120.858
-5.41 50.323 122.351
-4.469 50.764 123.18
-4.628 50.651 124.625
-4.28 51.949 125.343
-5.194 52.412 126.192
-4.992 53.644 126.947
-5.429 53.478 128.4
-5.5 52.232 128.856
-5.914 51.937 130.222
-4.817 52.25 131.235
-3.586 52.392 130.753
-2.461 52.693 131.631
-2.657 54.058 132.281
-2.372 54.14 133.577
-2.514 55.391 134.311
-1.151 56.03 134.546
-0.954 57.214 133.975
0.304 57.938 134.115
1.493 57.047 133.762
1.55 56.564 132.509
2.645 55.699 132.057
3.96 56.461 131.919
4.999 55.973 132.588
6.306 56.617 132.535
6.896 56.545 131.128
7.276 57.704 130.598
7.854 57.784 129.263
9.371 57.651 129.328
10.029 57.933 128.208
11.483 57.851 128.114
11.967 56.412 128.28
12.283 55.777 127.156
12.758 54.399 127.141
13.94 54.16 128.079
14.759 55.188 128.278
15.931 55.074 129.141
15.594 54.902 130.62
14.327 55.096 130.976
13.907 54.955 132.366
13.71 53.489 132.742
14.381 53.064 133.809
14.296 51.688 134.286
13.818 51.673 135.74
12.96 52.629 136.083
12.441 52.74 137.443
11.2 51.89 137.702
10.628 51.316 136.649
9.437 50.487 136.805
9.839 49.067 137.201
10.506 48.952 138.345
10.965 47.665 138.856
9.857 46.903 139.592
10.071 45.599 139.854
9.101 44.74 140.546
8.555 45.276 141.867
7.262 45.055 142.086
6.601 45.482 143.311
6.998 44.495 144.41
7.351 43.287 143.987
7.755 42.249 144.916
8.105 40.995 144.142
8.467 39.931 144.849
8.811 38.682 144.184
8.825 37.534 145.175
8.687 36.322 144.652
8.714 35.126 145.478
9.536 34.064 144.76
9.372 32.807 145.149
10.139 31.727 144.542
9.838 31.514 143.06
8.667 31.958 142.611
8.282 31.774 141.216
8.548 32.968 140.301
9.221 33.985 140.83
9.54 35.153 140.028
9.005 36.463 140.573
9.344 37.591 139.926
8.89 38.919 140.345
7.538 39.254 139.715
6.897 40.31 140.202
5.604 40.718 139.666
5.455 42.232 139.757
4.554 42.782 138.948
4.317 44.222 138.919
2.851 44.587 139.137
2.618 45.563 140.007
1.27 46.048 140.282
1.149 47.356 139.504
0.455 47.305 138.371
0.291 48.474 137.513
-0.996 49.256 137.765
-0.872 50.565 138.041
-2.032 51.425 138.297
-2.772 51.724 136.994
-4.054 51.379 136.951
-4.859 51.602 135.756
-5.78 52.807 135.898
-6.287 53.284 134.766
-7.201 54.42 134.749
-8.62 53.865 134.696
-8.714 52.584 134.353
-9.986 51.883 134.253
-9.71 50.384 134.188
-10.748 49.58 134.388
-10.602 48.13 134.357
-11.077 47.552 133.026
-11.083 48.391 131.995
-11.508 47.975 130.662
-10.448 48.327 129.622
-10.543 47.703 128.451
-9.586 47.969 127.392
-8.351 47.093 127.471
-7.182 47.707 127.324
-5.92 46.978 127.379
-4.75 47.891 127.721
-3.551 47.317 127.746
-2.341 48.069 128.06
-1.15 47.544 127.263
-0.235 48.443 126.909
0.959 48.072 126.154
2.108 47.841 127.128
2.732 46.67 127.045
3.834 46.339 127.941
4.988 45.616 127.249
6.198 45.872 127.737
7.405 45.242 127.217
8.326 44.933 128.394
8.45 43.65 128.719
9.293 43.212 129.826
10.763 43.39 129.472
11.516 44.017 130.369
12.931 44.254 130.119
13.834 43.903 131.295
15.132 43.861 131.013
16.147 43.564 132.011
17.175 44.687 131.916
16.748 45.892 132.283
17.623 47.047 132.22
17.246 47.915 131.035
17.827 47.608 129.879
17.553 48.344 128.649
17.238 47.35 127.534
17.701 46.115 127.708
17.472 45.056 126.731
16.082 44.456 126.921
15.586 43.77 125.896
14.259 43.164 125.957
14.274 41.675 126.297
13.562 41.3 127.358
13.469 39.898 127.754
12.499 39.248 126.774
11.576 40.065 126.273
10.578 39.644 125.295
10.558 40.728 124.217
10.971 40.377 123.004
11.003 41.341 121.908
9.639 41.945 121.59
8.834 41.213 120.827
7.503 41.665 120.427
6.771 42.476 121.494
5.992 43.457 121.045
5.217 44.3 121.948
4.086 43.464 122.538
3.805 43.665 123.821
2.753 42.909 124.489
1.526 43.751 124.815
0.358 43.246 124.43
-0.903 43.928 124.696
-1.761 43.04 125.588
-2.003 43.495 126.813
-2.807 42.742 127.767
-4.266 43.176 127.702
-5.094 42.357 127.061
-6.514 42.654 126.923
-7.269 42.333 128.207
-7.982 43.326 128.727
-8.749 43.159 129.953
-10.011 42.332 129.731
-10.349 42.09 128.468
-11.523 41.291 128.14
-11.088 39.833 128.037
-9.862 39.625 127.566
-9.303 38.283 127.434
-8.965 37.748 128.823
-8.489 38.639 129.689
-8.132 38.278 131.057
-8.871 39.203 132.02
-10.087 38.804 132.378
-10.939 39.579 133.272
-10.276 40.072 134.561
-9.621 39.173 135.293
-8.975 39.548 136.55
-7.749 40.444 136.385
-7.461 40.835 135.147
-6.324 41.701 134.848
-5.027 41.268 135.535
-4.848 39.96 135.685
-3.651 39.406 136.312
-3.053 38.382 135.352
-2.008 38.782 134.633
-1.374 37.904 133.653
0.043 37.461 134.003
0.569 36.54 133.201
1.913 36.011 133.393
2.593 35.77 132.046
3.899 36.01 131.999
4.676 35.81 130.78
6.037 35.224 131.139
6.745 34.72 130.135
8.063 34.134 130.351
9.072 34.687 129.347
10.336 34.724 129.755
11.402 35.229 128.902
11.422 34.527 127.549
11.513 35.321 126.486
11.56 34.781 125.139
10.308 34.076 124.651
9.162 34.379 125.253
7.911 33.744 124.849
7 34.683 124.061
6.805 35.894 124.576
5.969 36.898 123.919
4.467 36.63 124.024
4.098 35.491 124.601
2.688 35.149 124.761
2.213 35.543 126.158
0.937 35.902 126.269
0.36 36.303 127.547
-0.513 35.191 128.122
-0.335 34.914 129.411
-1.091 33.867 130.089
-1.914 34.428 131.245
-2.982 33.72 131.6
-3.879 34.144 132.67
-3.363 33.778 134.061
-2.388 32.877 134.123
-1.825 32.458 135.404
-0.399 31.942 135.244
0.364 31.965 136.334
1.74 31.485 136.302
1.75 29.981 136.057
0.635 29.33 136.374
0.504 27.89 136.18
0.355 27.577 134.692
-0.497 28.34 134.013
-0.715 28.153 132.582
0.591 28.387 131.833
1.272 29.476 132.179
2.543 29.821 131.552
3.558 28.708 131.786
3.523 28.127 132.983
4.432 27.045 133.343
4.168 25.809 132.488
2.897 25.567 132.178
2.514 24.416 131.366
2.825 24.617 129.885
2.955 25.875 129.468
3.246 26.201 128.074
4.481 25.465 127.562
5.425 25.204 128.46
6.652 24.508 128.095
6.413 23.008 127.946
5.181 22.577 128.193
4.835 21.165 128.086
3.821 20.918 126.976
4.056 21.542 125.827
3.17 21.373 124.692
3.946 20.815 123.516
3.296 20.706 122.362
3.958 20.188 121.169
5 21.198 120.699
6.259 20.777 120.665
7.341 21.655 120.241
8.4 20.883 119.465
9.055 21.571 118.532
10.098 20.972 117.706
9.528 19.819 116.882
10.417 18.978 116.367
10.038 17.818 115.568
11.234 16.871 115.547
11.687 16.465 116.731
12.848 15.592 116.824
12.554 14.098 116.915
11.349 13.707 116.511
10.967 12.3 116.498
10.938 11.899 115.025
11.565 10.773 114.703
11.629 10.305 113.323
11.053 8.908 113.117
9.986 8.828 112.327
9.35 7.554 112.008
10.096 7.115 110.746
11.142 6.315 110.95
12.023 5.853 109.877
11.594 4.638 109.06
10.793 3.76 109.651
10.289 2.602 108.922
8.973 2.173 109.552
8.33 1.164 108.976
7.036 0.701 109.463
6.824 0.688 110.977
7.748 0.092 111.723
7.58 0.002 113.171
8.635 0.684 114.035
9.525 1.461 113.426
10.568 2.124 114.202
10.415 3.632 114.306
10.473 4.124 115.539
10.371 5.547 115.813
11.596 5.911 116.642
12.393 6.852 116.146
13.593 7.284 116.856
13.31 8.646 117.478
13.342 8.71 118.807
13.047 9.953 119.509
13.729 10.038 120.874
14.615 11.03 121.051
15.349 11.243 122.302
14.454 11.485 123.518
13.391 12.257 123.317
12.482 12.593 124.401
11.728 11.469 125.088
11.724 10.279 124.498
11.01 9.173 125.111
11.884 8.305 125.994
13.186 8.571 125.981
14.138 7.798 126.769
13.804 7.815 128.257
13.878 6.645 128.886
13.593 6.519 130.312
12.296 7.235 130.672
11.242 6.945 129.916
9.941 7.558 130.146
8.879 6.461 130.178
8.265 6.235 131.35
7.23 5.217 131.548
6.178 5.138 130.443
5.75 6.292 129.943
4.737 6.333 128.894
5.233 6.984 127.607
5.274 6.2 126.534
5.708 6.688 125.228
4.632 6.307 124.216
3.99 7.31 123.627
2.92 7.064 122.667
3.001 7.924 121.409
2.325 7.469 120.361
2.279 8.194 119.1
0.826 8.581 118.864
0.488 9.827 119.179
-0.874 10.308 118.992
-1.081 10.723 117.542
-2.31 10.586 117.055
-2.607 10.941 115.673
-4.016 11.482 115.479
-4.143 12.418 114.547
-5.424 13.027 114.224
-5.499 13.202 112.714
-6.564 12.679 112.118
-6.761 12.753 110.677
-6.954 14.172 110.156
-7.853 14.92 110.787
-8.147 16.276 110.338
-7.909 17.354 111.384
-7.408 16.971 112.551
-7.184 17.956 113.598
-5.756 18.028 114.116
-5.479 19.113 114.827
-4.172 19.354 115.415
-4.171 18.753 116.816
-3.134 17.988 117.137
-3.035 17.363 118.451
-2.673 18.404 119.507
-3.532 18.544 120.513
-3.312 19.505 121.59
-4.219 19.208 122.78
-3.733 19.52 123.977
-4.495 19.289 125.199
-5.808 20.065 125.188
-6.875 19.423 125.655
-8.187 20.058 125.709
-8.27 21.018 126.894
-9.457 21.57 127.126
-9.667 22.508 128.225
-9.359 21.879 129.581
-9.505 20.561 129.669
-9.242 19.846 130.911
-7.751 19.559 131.061
-6.97 19.992 130.075
-5.536 19.767 130.112
-5.195 18.333 129.761
-6.12 17.665 129.079
-5.928 16.276 128.68
-5.828 16.125 127.166
-5.203 15.037 126.733
-5.065 14.745 125.313
-6.032 13.611 125.002
-7.212 13.979 124.514
-8.262 13.021 124.196
-8.094 12.334 122.845
-7.208 12.863 122.01
-6.973 12.284 120.693
-6.55 10.824 120.792
-6.736 10.098 119.696
-6.39 8.685 119.618
-4.877 8.515 119.518
-4.38 7.34 119.893
-2.945 7.081 119.844
-2.624 5.596 119.743
-1.334 5.304 119.614
-0.833 3.939 119.534
0.334 3.846 120.512
0.42 2.739 121.241
1.483 2.558 122.223
2.84 2.211 121.629
3.883 2.78 122.224
5.255 2.55 121.793
6.011 1.823 122.898
6.988 1.009 122.516
7.779 0.271 123.492
9.257 0.322 123.126
10.132 0.463 124.133
11.577 0.524 123.899
12.079 -0.676 123.101
12.922 -0.408 122.11
13.481 -1.461 121.274
14.9 -1.064 120.869
15.528 -1.87 120.019
16.881 -1.581 119.561
16.884 -1.395 118.048
17.383 -0.249 117.595
17.442 0.051 116.169
18.067 -1.101 115.388
17.405 -1.515 114.314
17.91 -2.608 113.492
19.039 -2.125 112.589
19.809 -3.067 112.058
20.919 -2.732 111.179
20.407 -2.018 109.932
19.199 -2.372 109.505
18.594 -1.764 108.324
18.483 -0.249 108.482
17.782 0.186 109.525
17.597 1.61 109.783
18.928 2.289 110.078
19.822 1.562 110.737
21.133 2.096 111.077
21.918 2.456 109.818
21.902 1.564 108.832
22.615 1.804 107.582
21.965 2.91 106.762
20.636 2.98 106.8
19.911 4.002 106.051
20.132 5.397 106.631
20.108 5.501 107.957
20.285 6.792 108.614
21.319 6.73 109.736
22.608 6.656 109.37
23.723 6.586 110.319
23.714 7.718 111.342
23.234 8.885 110.921
23.186 10.062 111.783
22.107 10.019 112.867
21.217 9.034 112.798
20.145 8.896 113.785
20.305 7.597 114.57
21.313 6.815 114.2
21.575 5.523 114.826
21.745 5.539 116.343
22.096 6.688 116.912
22.294 6.769 118.357
21.063 7.263 119.111
19.977 7.511 118.386
18.739 7.974 119.004
18.014 6.829 119.703
17.331 7.12 120.822
16.598 6.067 121.534
15.53 5.512 120.58
15.455 4.191 120.455
14.489 3.571 119.551
13.215 3.075 120.232
12.101 3.181 119.513
10.801 2.748 120.007
10.097 1.917 118.939
9.407 0.872 119.38
8.725 -0.043 118.474
7.202 0.1 118.464
6.636 0.198 117.263
5.189 0.309 117.072
4.621 -1.09 116.848
3.342 -1.309 117.187
2.766 -2.641 116.979
2.782 -3.013 115.496
2.98 -4.296 115.208
3.031 -4.774 113.831
1.707 -4.593 113.094
0.616 -4.506 113.846
-0.707 -4.345 113.253
-1.059 -2.88 113.006
-0.082 -1.996 113.179
-0.308 -0.57 112.98
-0.742 -0.252 111.552
-1.753 0.601 111.43
-2.264 1.005 110.127
-1.481 2.238 109.683
-0.254 2.01 109.222
0.625 3.089 108.782
-0.017 4.046 107.781
-0.696 3.499 106.779
-1.334 4.324 105.759
-2.276 5.372 106.34
-3.13 4.958 107.271
-4.081 5.883 107.869
-3.401 6.957 108.71
-2.422 6.562 109.516
-1.718 7.527 110.351
-0.955 8.556 109.52
-0.445 8.137 108.366
0.307 9.04 107.499
-0.587 10.041 106.766
-1.897 9.839 106.862
-2.88 10.706 106.217
-3.082 12.019 106.972
-2.639 12.059 108.224
-2.807 13.27 109.005
-1.598 13.601 109.85
-1.838 14.275 110.97
-0.757 14.649 111.868
-0.476 13.557 112.888
0.795 13.418 113.236
1.23 12.45 114.227
2.156 13.196 115.174
1.994 12.948 116.468
2.816 13.598 117.483
3.301 12.581 118.505
4.6 12.598 118.779
5.177 11.684 119.75
5.069 12.344 121.116
4.449 11.646 122.06
4.273 12.177 123.404
4.838 11.229 124.453
5.449 11.805 125.483
6.03 11.028 126.57
5.561 11.605 127.9
5.362 10.737 128.887
4.906 11.182 130.197
5.373 10.253 131.311
5.218 10.711 132.55
5.614 9.929 133.713
4.536 8.896 134.032
4.891 7.911 134.851
3.965 6.851 135.233
2.617 7.373 135.727
2.611 8.576 136.291
1.379 9.167 136.807
0.546 9.884 135.745
1.01 9.858 134.499
0.269 10.494 133.424
0.622 11.937 133.108
1.548 12.517 133.864
1.945 13.9 133.621
2.91 13.968 132.439
2.542 14.764 131.44
3.337 14.924 130.225
4.741 15.468 130.473
5.72 14.892 129.78
7.109 15.319 129.902
7.498 16.131 128.667
7.005 15.707 127.505
7.278 16.405 126.25
6.461 15.811 125.105
6.329 16.578 124.027
5.581 16.155 122.847
6.173 16.868 121.635
6.419 16.128 120.557
7.012 16.735 119.37
6.417 16.216 118.059
6.654 16.944 116.973
6.151 16.526 115.67
7.038 15.413 115.119
6.522 14.675 114.138
7.231 13.533 113.564
7.656 13.69 112.1
8.924 13.398 111.813
9.438 13.469 110.442
9.226 12.063 109.879
8.435 11.979 108.814
8.058 10.7 108.218
8.7 10.248 106.906
9.713 10.961 106.427
10.351 10.59 105.163
10.812 9.135 105.12
11.419 8.675 106.206
11.907 7.309 106.255
10.838 6.247 106.082
9.751 6.356 106.841
8.684 5.369 106.742
7.982 5.482 105.394
8.026 6.663 104.783
7.402 6.825 103.473
8.155 5.983 102.446
9.487 6.01 102.506
10.303 5.234 101.574
10.152 3.742 101.85
10.184 3.373 103.125
10.06 1.97 103.505
8.705 1.389 103.106
7.667 2.216 103.144
6.322 1.759 102.814
5.937 1.823 101.333
6.327 2.897 100.651
5.925 3.09 99.253
6.971 3.144 98.14
8.213 3.468 98.483
9.28 3.626 97.492
9.441 2.585 96.39
9.542 1.312 96.757
9.731 0.269 95.753
8.6 0.234 94.735
7.365 0.236 95.224
6.198 0.2 94.35
6.115 1.45 93.485
6.433 2.597 94.077
6.383 3.871 93.36
7.491 4.006 92.316
8.663 3.445 92.611
9.803 3.501 91.692
9.531 2.766 90.384
8.684 1.744 90.452
8.352 0.935 89.281
7.387 1.619 88.306
6.903 2.806 88.663
5.958 3.535 87.813
6.584 4.765 87.156
5.895 5.3 86.148
6.344 6.495 85.441
5.394 7.642 85.781
5.929 8.858 85.808
5.147 10.021 86.21
4.986 11.169 85.21
4.054 12.068 85.533
3.764 13.215 84.693
2.562 12.966 83.796
2.326 13.872 82.849
1.227 13.733 81.895
1.849 12.996 80.72
1.658 11.684 80.712
2.228 10.812 79.701
1.297 10.626 78.52
1.552 11.441 77.503
0.763 11.482 76.285
1.331 10.683 75.128
0.463 9.89 74.513
0.811 9.09 73.348
-0.277 9.457 72.349
-0.09 9.117 71.082
-1.102 9.458 70.093
-2.413 8.721 70.377
-2.355 7.713 71.246
-3.533 6.914 71.583
-4.224 7.25 72.909
-3.641 8.148 73.698
-4.255 8.508 74.965
-3.285 9.147 75.943
-3.772 9.478 77.136
-2.925 10.099 78.15
-3.176 9.529 79.538
-2.098 9.374 80.294
-2.176 8.881 81.663
-1.4 9.856 82.533
-2.088 10.461 83.497
-1.454 11.39 84.429
-1.112 10.608 85.687
0.056 10.873 86.264
0.436 10.217 87.507
1.331 11.117 88.341
1.001 11.217 89.623
1.761 12.023 90.569
1.889 11.254 91.883
3.083 11.269 92.469
3.311 10.575 93.734
2.884 11.485 94.886
1.951 11.019 95.709
1.474 11.805 96.849
0.928 10.845 97.906
1.815 10.037 98.511
1.485 9.04 99.535
0.77 9.49 100.809
0.844 10.775 101.144
0.183 11.261 102.355
-1.078 12.084 102.083
-1.331 12.407 100.818
-2.5 13.206 100.465
-3.822 12.516 100.796
-4.796 13.299 101.25
-6.112 12.762 101.578
-6.975 12.748 100.319
-6.706 13.689 99.417
-7.429 13.789 98.154
-6.567 14.486 97.11
-6.73 14.08 95.856
-5.999 14.676 94.745
-6.918 14.709 93.532
-7.127 15.895 92.973
-7.973 16.027 91.793
-7.168 16.637 90.655
-7.398 16.137 89.446
-6.717 16.642 88.263
-7.573 17.768 87.705
-7.047 18.985 87.735
-7.796 20.133 87.24
-7.333 20.509 85.837
-8.258 20.467 84.879
-7.954 20.797 83.487
-8.389 22.221 83.144
-7.472 22.994 82.566
-7.745 24.381 82.198
-7.703 24.648 80.701
-8.541 25.575 80.247
-8.559 25.942 78.838
-7.365 26.863 78.609
-7.152 27.263 77.36
-6.043 28.15 77.032
-6.168 29.465 77.797
-7.402 29.917 78.004
-7.645 31.16 78.725
-7.642 30.956 80.24
-7.201 29.774 80.663
-7.098 29.414 82.075
-8.408 29.339 82.86
-9.447 28.816 82.222
-10.736 28.638 82.879
-10.851 27.14 83.15
-11.376 26.771 84.313
-11.523 25.358 84.646
-12.497 24.678 83.692
-12.022 23.653 82.992
-12.862 22.908 82.062
-13.42 21.69 82.79
-12.605 21.112 83.665
-13.02 19.942 84.423
-12.091 19.665 85.593
-12.638 19.036 86.626
-11.873 18.667 87.807
-12.146 17.18 87.993
-11.101 16.371 87.862
-11.234 14.924 87.971
-10.641 14.315 89.232
-11.473 13.684 90.073
-10.871 13.087 91.267
-9.975 11.95 90.755
-8.738 11.888 91.233
-7.826 10.853 90.766
-7.968 9.541 91.532
-7.386 8.477 90.984
-7.446 7.155 91.6
-6.14 6.826 92.317
-6.23 6.584 93.622
-5.055 6.275 94.432
-4.671 4.802 94.383
-3.38 4.54 94.199
-2.86 3.175 94.175
-2.332 2.918 95.582
-2.935 1.961 96.28
-2.545 1.653 97.652
-1.085 1.255 97.876
-0.532 0.438 96.987
0.849 -0.019 97.139
1.921 1.062 96.991
1.711 1.984 96.057
2.689 3.038 95.783
2.385 4.405 96.377
1.109 4.694 96.589
0.745 5.993 97.114
0.704 7.006 95.978
0.684 6.501 94.748
0.617 7.356 93.568
-0.843 7.523 93.161
-1.147 8.636 92.504
-2.504 8.903 92.04
-2.461 9.021 90.525
-3.443 8.432 89.849
-3.466 8.477 88.395
-4.852 8.758 87.831
-4.875 9.13 86.557
-6.109 9.404 85.841
-5.804 9.212 84.366
-6.652 8.45 83.689
-6.46 8.155 82.272
-7.538 8.802 81.406
-7.109 9.457 80.328
-8.038 10.117 79.425
-7.666 9.951 77.96
-8.34 10.703 77.095
-8.081 10.611 75.667
-6.968 11.5 75.146
-6.567 11.257 73.9
-5.504 12.025 73.263
-5.905 13.475 72.99
-7.19 13.779 73.135
-7.666 15.136 72.906
-7.131 16.085 73.978
-6.566 15.524 75.043
-6.019 16.341 76.117
-4.645 16.903 75.764
-4.144 16.542 74.588
-2.853 17.042 74.125
-2.889 18.572 74.147
-1.88 19.188 74.761
-1.825 20.64 74.812
-2.608 21.313 75.925
-3.402 20.543 76.664
-4.197 21.105 77.753
-3.351 21.529 78.945
-3.798 22.573 79.638
-3.097 23.041 80.825
-3.708 22.326 82.022
-2.916 22.117 83.065
-3.429 21.402 84.221
-2.62 21.624 85.485
-3.241 21.287 86.612
-2.628 21.366 87.929
-3.278 20.29 88.787
-2.622 19.946 89.888
-3.153 18.945 90.798
-3.691 19.654 92.035
-4.981 19.483 92.304
-5.598 20.091 93.479
-5.333 19.141 94.633
-4.521 19.588 95.583
-4.158 18.756 96.718
-4.926 19.063 97.999
-5.167 18.015 98.78
-5.788 18.127 100.098
-4.79 17.287 100.881
-3.858 17.952 101.555
-2.807 17.246 102.269
-2.288 17.975 103.505
-1.978 17.204 104.54
-1.447 17.755 105.781
-0.003 18.213 105.579
0.301 19.441 105.987
1.667 19.946 105.876
2.163 20.185 107.301
3.213 19.46 107.718
3.788 19.578 109.064
4.263 20.972 109.479
4.658 21.798 108.514
5.132 23.141 108.841
4.005 24.035 109.363
2.824 23.914 108.765
1.67 24.713 109.171
0.751 23.937 110.112
0.941 22.622 110.155
0.147 21.73 110.997
-1.33 21.691 110.618
-1.631 21.932 109.349
-3.013 21.9 108.908
-3.164 21.194 107.571
-4.375 20.712 107.31
-4.677 20.032 106.06
-4.858 21.114 105.011
-3.8 21.35 104.247
-3.807 22.371 103.216
-4.631 21.978 102.002
-5.115 22.992 101.3
-5.88 22.803 100.081
-5.342 23.797 99.061
-4.665 23.287 98.037
-4.092 24.138 97.003
-3.788 23.401 95.707
-3.718 24.154 94.615
-3.408 23.575 93.315
-1.921 23.747 93.056
-1.294 22.698 92.535
0.139 22.713 92.285
0.488 22.171 90.905
1.509 22.751 90.287
1.944 22.285 88.982
2.593 20.917 89.161
2.776 20.211 88.052
3.361 18.872 88.047
4.885 18.918 88.206
5.429 18.195 89.196
6.886 18.221 89.346
7.553 17.539 88.148
6.782 16.728 87.428
7.28 16.048 86.23
6.796 16.794 84.978
6.45 18.068 85.137
5.993 18.867 84.001
7.037 18.872 82.885
6.578 18.858 81.637
7.491 18.901 80.504
7.155 20.078 79.593
6.129 20.826 79.987
5.712 22.032 79.284
4.968 22.89 80.304
5.034 24.206 80.129
4.401 25.134 81.062
3.79 26.336 80.361
2.932 27.043 81.088
2.32 28.268 80.589
3.303 29.363 81.007
3 30.611 80.67
3.877 31.723 81.031
4.112 31.827 82.542
5.382 31.94 82.916
5.81 32.064 84.307
5.525 30.82 85.152
5.358 29.679 84.486
5.144 28.4 85.167
3.884 28.272 86.021
2.842 29.049 85.733
1.626 28.986 86.545
0.838 27.687 86.375
0.894 27.112 85.178
0.191 25.858 84.896
1.098 24.905 84.123
0.941 23.602 84.342
1.722 22.638 83.572
0.913 22.369 82.304
1.532 21.749 81.304
0.852 21.485 80.033
1.155 20.081 79.514
0.139 19.415 78.971
0.32 18.07 78.433
1.088 18.152 77.112
2.195 17.424 77.017
3.004 17.445 75.805
3.681 16.109 75.476
3.903 15.878 74.185
4.598 14.687 73.709
5.86 15.239 73.042
6.978 15.194 73.759
8.234 15.715 73.234
8.693 15.064 71.929
8.122 13.906 71.59
8.485 13.206 70.354
7.844 13.832 69.119
6.821 14.654 69.33
6.101 15.299 68.232
7.033 16.02 67.26
6.858 15.765 65.965
7.69 16.399 64.949
7.506 17.916 64.909
6.343 18.387 65.348
6.052 19.819 65.35
6.889 20.578 66.381
7.511 19.844 67.3
8.337 20.457 68.337
9.818 20.217 68.055
10.129 19.849 66.814
11.507 19.568 66.423
11.971 20.348 65.202
13.202 20.883 65.246
13.702 21.626 64.091
13.968 20.602 62.988
14.026 21.059 61.747
14.266 20.159 60.629
15.568 19.375 60.797
15.482 18.052 60.675
16.659 17.207 60.795
17.132 16.919 62.212
16.302 17.243 63.199
16.649 17.029 64.603
17.051 15.607 64.981
16.254 14.62 64.576
16.545 13.237 64.934
17.91 12.737 64.487
18.46 13.332 63.435
19.763 12.902 62.959
20.932 13.731 63.466
20.684 14.601 64.441
21.738 15.448 64.997
22.825 14.619 65.671
24.063 14.803 65.227
25.186 14.063 65.785
26.038 14.932 66.705
26.794 14.281 67.585
27.677 14.973 68.52
28.991 15.241 67.767
29.358 16.526 67.583
30.59 16.88 66.864
31.911 16.413 67.467
31.935 16.204 68.78
33.141 15.735 69.455
32.875 14.444 70.211
33.764 13.474 70.033
33.642 12.182 70.69
33.918 12.282 72.183
33.244 11.424 72.943
33.383 11.364 74.394
33.42 9.9 74.839
33.831 9.002 73.946
33.869 7.576 74.274
35.055 7.119 75.125
36.271 7.361 74.647
37.462 6.953 75.384
37.949 8.076 76.289
38.863 7.755 77.198
39.401 8.772 78.096
40.172 9.797 77.269
40.841 9.33 76.216
41.581 10.237 75.349
40.596 11.192 74.668
39.4 10.703 74.33
38.392 11.56 73.696
37.96 12.627 74.7
37.664 12.187 75.92
37.214 13.085 76.977
38.218 14.168 77.344
39.494 13.802 77.398
40.542 14.745 77.761
40.612 15.949 76.829
40.129 15.792 75.601
40.156 16.888 74.644
39.089 17.937 74.932
38.206 17.627 75.877
37.126 18.528 76.259
37.677 19.885 76.689
37.227 20.933 76.005
37.65 22.307 76.253
36.348 23.108 76.32
35.947 23.427 77.547
34.675 24.089 77.839
34.621 25.614 77.908
33.549 26.172 77.345
33.304 27.612 77.329
31.99 27.807 78.104
32.097 28.178 79.382
30.94 28.382 80.268
30.184 29.665 79.952
28.989 29.517 79.385
28.189 30.66 78.948
26.799 30.829 79.566
26.211 32.003 79.337
24.884 32.363 79.851
24.092 32.982 78.692
22.807 32.658 78.596
21.993 33.163 77.492
21.978 34.683 77.327
21.879 35.444 78.419
21.893 36.9 78.275
23.319 37.422 78.102
24.282 36.847 78.823
25.67 37.298 78.692
26.118 37.233 77.231
25.658 36.213 76.515
26.035 36.056 75.12
25.499 37.133 74.183
24.193 37.385 74.228
23.6 38.327 73.283
22.91 39.602 73.757
22.791 39.81 75.062
22.101 41.001 75.553
22.632 42.33 75.015
23.929 42.392 74.727
24.551 43.622 74.238
24.914 43.642 72.756
24.715 42.531 72.055
25.09 42.472 70.644
24.077 43.116 69.706
24.407 44.312 69.232
23.529 45.04 68.322
23.431 44.353 66.963
24.365 43.449 66.663
24.327 42.748 65.383
23.437 41.51 65.447
22.915 41.228 66.636
21.968 40.131 66.805
20.606 40.825 66.679
19.687 40.267 65.874
18.37 40.899 65.729
17.772 41.234 67.093
17.228 42.438 67.226
16.655 42.877 68.491
15.738 41.872 69.183
14.864 41.213 68.427
13.935 40.271 69.042
14.578 38.987 69.551
15.841 38.758 69.201
16.526 37.547 69.639
17.557 37.797 70.734
17.731 39.053 71.124
18.7 39.368 72.168
18.232 38.78 73.494
19.13 38.054 74.153
18.786 37.425 75.417
17.937 36.178 75.238
17.9 35.652 74.015
17.099 34.467 73.709
17.932 33.294 73.195
17.379 32.091 73.314
18.048 30.89 72.823
18.379 31.056 71.336
17.435 31.618 70.581
17.615 31.77 69.139
18.744 32.686 68.678
19.326 33.461 69.586
20.427 34.322 69.177
21.566 33.482 68.585
21.687 32.23 69.02
22.748 31.362 68.513
22.582 31.026 67.032
21.431 31.371 66.46
21.194 31.097 65.046
21.513 32.305 64.166
21.846 33.439 64.778
22.171 34.643 64.006
23.613 34.558 63.501
23.811 33.766 62.452
25.13 33.531 61.868
25.932 34.767 61.467
25.249 35.874 61.217
25.926 37.096 60.806
26.322 38.013 61.964
25.945 37.65 63.184
26.26 38.485 64.337
27.699 38.357 64.822
28.16 39.381 65.536
29.506 39.392 66.093
29.674 38.228 67.065
28.655 37.988 67.885
28.714 36.915 68.875
28.827 35.521 68.271
27.956 35.193 67.323
28.01 33.869 66.717
29.3 33.67 65.917
29.719 34.686 65.167
30.952 34.578 64.392
32.14 34.372 65.331
32.089 35.009 66.499
33.157 34.879 67.49
33.197 33.442 68.01
32.031 32.878 68.33
31.977 31.502 68.824
32.396 30.526 67.727
32.06 30.853 66.482
32.422 29.99 65.365
33.946 29.879 65.255
34.638 31 65.431
36.095 31.011 65.353
36.717 30.327 66.572
36.077 30.445 67.735
36.614 29.786 68.925
36.547 28.276 68.7
35.452 27.824 68.1
35.281 26.406 67.816
36.347 25.92 66.837
36.525 26.671 65.754
37.501 26.323 64.734
38.912 26.272 65.316
39.137 27.039 66.38
40.439 27.107 67.036
40.673 26.096 68.162
39.646 25.352 68.56
39.87 24.382 69.619
38.91 24.323 70.797
37.991 25.276 70.919
37.009 25.2 72.008
36.063 24.098 71.532
35.796 23.101 72.37
34.952 21.987 71.934
33.544 21.89 72.513
33.335 22.476 73.688
32.037 22.405 74.359
31.5 23.741 74.844
30.187 23.92 74.729
29.532 25.111 75.255
28.763 24.621 76.486
29.042 25.199 77.649
28.326 24.827 78.865
27.347 25.958 79.144
26.09 25.6 79.375
25.042 26.579 79.611
24.611 26.728 81.06
24.683 27.953 81.575
24.212 28.227 82.926
22.711 27.897 82.849
22.06 27.641 83.997
20.636 27.294 84.07
19.677 27.626 82.92
19.316 26.603 82.145
18.353 26.781 81.065
17.108 25.925 81.305
17.022 25.334 82.496
15.835 24.584 82.894
14.987 25.722 83.471
13.761 25.449 83.906
12.904 26.524 84.417
13.299 27.126 85.762
13.886 28.323 85.721
14.283 29.044 86.929
13.102 29.904 87.387
13.134 30.35 88.636
12.031 31.118 89.195
12.256 32.609 89.346
13.52 33.014 89.345
13.899 34.399 89.586
13.824 35.457 88.487
13.089 35.161 87.422
12.863 36.111 86.338
11.378 36.002 86
10.671 37.125 86.007
9.247 37.081 85.692
9.115 36.894 84.183
8.407 35.845 83.774
8.241 35.556 82.355
7.145 36.376 81.678
6.406 37.159 82.46
5.378 38.034 81.897
6.114 39.323 81.535
6.363 39.516 80.243
7.098 40.679 79.753
6.645 42.05 80.244
5.344 42.238 80.447
4.861 43.535 80.906
5.248 43.818 82.355
5.744 42.801 83.055
6.147 42.958 84.452
7.656 43.152 84.571
8.335 43.224 83.432
9.786 43.372 83.407
10.268 44.643 82.715
11.378 45.19 83.209
11.99 46.385 82.627
13.499 46.156 82.552
14.072 46.339 81.366
15.504 46.148 81.189
16.202 47.476 80.927
17.519 47.501 81.094
18.262 48.748 80.948
18.223 49.418 79.578
17.911 48.658 78.536
17.844 49.233 77.202
16.52 49.978 76.989
15.603 49.843 77.944
14.289 50.479 77.85
14.183 51.783 78.649
13.145 52.596 78.374
12.935 53.874 79.065
12.911 53.782 80.588
13.411 54.819 81.252
13.401 54.825 82.706
11.941 54.846 83.16
11.071 55.427 82.338
9.655 55.488 82.676
9.063 54.087 82.842
9.547 53.131 82.052
9.063 51.755 82.143
9.524 51.14 83.465
10.769 51.413 83.832
11.308 50.885 85.081
10.455 51.349 86.263
10.062 52.62 86.253
9.256 53.175 87.339
7.853 52.596 87.388
7.301 52.279 86.222
5.956 51.727 86.161
5.906 50.285 86.67
7.007 49.549 86.525
7.025 48.155 86.962
7.744 47.899 88.282
8.502 48.882 88.753
9.272 48.739 89.988
8.957 49.88 90.956
8.159 49.592 91.982
7.775 50.614 92.952
8.922 51.076 93.844
9.929 50.226 94.027
11.078 50.588 94.857
11.849 51.725 94.19
11.91 51.698 92.864
12.603 52.742 92.123
11.815 54.045 92.227
10.507 53.955 92.015
9.643 55.128 92.058
9.623 55.836 93.417
10.027 55.137 94.472
10.045 55.738 95.802
11.476 55.992 96.268
12.429 55.827 95.354
13.847 56.021 95.658
14.346 57.43 95.342
15.643 57.639 95.561
16.284 58.919 95.286
16.394 59.132 93.774
16.111 58.086 93.001
16.186 58.176 91.545
14.831 58.501 90.906
13.809 58.682 91.736
12.463 58.977 91.245
12.399 60.119 90.233
13.32 61.073 90.342
13.333 62.193 89.418
13.586 61.817 87.967
14.127 60.625 87.733
14.387 60.169 86.368
13.158 59.509 85.738
12.123 59.265 86.54
10.915 58.612 86.039
10.256 59.271 84.835
10.164 60.596 84.831
9.543 61.259 83.693
10.567 61.939 82.793
11.811 61.471 82.863
12.861 62.002 82.006
12.655 61.249 80.697
13.475 61.533 79.698
13.325 60.84 78.435
14.481 59.898 78.184
15.208 59.556 79.243
16.361 58.673 79.119
16.045 57.201 79.374
16.891 56.331 78.836
16.751 54.901 79.065
17.553 54.642 80.339
17.316 53.508 80.988
18.036 53.185 82.218
19.547 53.161 81.969
19.925 52.572 80.843
21.311 52.444 80.41
21.985 53.818 80.297
21.264 54.786 79.739
21.799 56.134 79.576
22.021 56.802 80.929
21.137 56.536 81.882
21.28 57.126 83.205
22.491 56.509 83.902
22.586 55.183 83.865
23.714 54.494 84.491
25.036 55.016 83.919
25.073 55.226 82.607
26.275 55.736 81.95
26.66 57.113 82.501
25.684 58.008 82.639
25.959 59.341 83.17
26.396 59.322 84.633
25.981 58.301 85.378
26.349 58.21 86.788
27.788 57.758 87.002
28.435 57.267 85.952
29.808 56.778 86.073
30.867 57.789 86.517
30.86 58.991 85.947
31.891 59.961 86.303
31.977 60.295 87.791
30.829 60.435 88.446
30.788 60.784 89.867
30.681 59.562 90.783
30.893 58.371 90.227
30.814 57.126 90.994
32.164 56.798 91.632
32.136 56.407 92.904
33.354 56.06 93.639
33.001 55.29 94.909
34.016 54.949 95.694
33.788 54.222 96.933
32.941 55.053 97.898
33.02 56.375 97.775
32.263 57.268 98.648
30.877 57.59 98.098
30.64 57.221 96.844
29.352 57.462 96.208
29.127 56.398 95.142
28.843 55.156 95.569
28.611 54.046 94.64
27.209 54.107 94.058
26.954 55.155 93.286
25.641 55.369 92.7
25.248 54.441 91.549
26.222 53.944 90.789
25.905 53.038 89.688
25.276 51.762 90.253
25.913 51.154 91.25
25.363 49.934 91.842
24.106 50.238 92.659
23.995 51.462 93.174
22.819 51.825 93.958
21.572 51.72 93.085
21.657 52.249 91.87
20.532 52.192 90.952
20.361 50.785 90.407
21.471 50.158 90.03
21.411 48.819 89.459
20.828 47.788 90.417
21.018 47.995 91.716
20.492 47.063 92.706
18.969 47.051 92.661
18.376 48.202 92.36
16.925 48.303 92.267
16.478 47.685 90.94
17.215 47.991 89.874
16.912 47.463 88.543
16.869 45.932 88.543
17.798 45.327 89.274
17.91 43.874 89.349
16.645 43.152 89.804
15.831 43.832 90.606
14.6 43.255 91.137
13.559 42.935 90.073
13.558 43.705 88.99
12.566 43.515 87.942
13.095 43.399 86.514
14.364 43.024 86.345
14.911 42.88 84.997
14.828 41.427 84.522
15.392 41.147 83.352
15.366 39.8 82.787
16.602 38.998 83.177
17.408 39.531 84.091
18.659 38.875 84.445
18.819 38.119 85.763
19.365 36.912 85.645
19.711 36.073 86.79
20.418 34.831 86.28
21.462 34.407 86.986
22.166 33.195 86.591
21.147 32.064 86.542
20.189 32.108 87.464
19.134 31.107 87.497
19.322 29.845 88.321
20.137 29.888 89.373
20.332 28.701 90.218
19.181 28.655 91.225
17.966 28.744 90.687
16.731 28.791 91.472
15.672 27.942 90.77
15.76 26.615 90.92
14.85 25.64 90.307
13.366 25.753 90.628
12.56 25.927 89.58
11.108 26.006 89.71
10.6 24.648 89.193
11.028 24.276 87.983
10.687 22.982 87.364
11.968 22.433 86.74
12.344 21.219 87.126
13.584 20.61 86.653
13.648 20.103 85.223
12.5 19.845 84.609
12.525 19.257 83.283
11.726 19.982 82.202
11.773 21.309 82.249
11.124 22.16 81.259
12.109 23.294 80.995
12.265 23.706 79.729
13.197 24.802 79.448
12.692 26.102 80.077
13.612 27.015 80.38
13.255 28.318 80.95
12.425 29.101 79.92
11.396 29.801 80.389
10.536 30.548 79.484
10.994 31.914 78.997
11.67 32.675 79.852
12.123 34.005 79.465
13.156 34.01 78.337
13.799 32.87 78.086
14.79 32.786 77.016
14.153 32.411 75.674
12.836 32.239 75.675
12.109 31.915 74.452
11.416 33.19 73.988
11.147 33.303 72.688
10.471 34.495 72.173
9.007 34.5 72.609
8.463 33.311 72.857
7.079 33.159 73.308
7.068 32.137 74.447
6.931 32.61 75.696
6.91 31.763 76.893
5.597 31.04 77.187
4.591 31.225 76.34
3.309 30.571 76.583
3.183 29.22 75.89
3.208 28.14 76.664
3.054 26.83 76.059
4.29 26.129 75.531
4.083 25.299 74.515
5.152 24.491 73.933
6.208 25.164 73.059
5.954 26.392 72.62
6.893 27.094 71.746
8.363 27.029 72.168
8.627 27.243 73.451
9.998 27.24 73.956
10.748 25.934 73.697
10.015 24.833 73.569
10.644 23.539 73.34
11.367 23.455 71.998
10.708 23.891 70.927
11.334 23.858 69.61
12.469 24.883 69.505
12.298 26.049 70.126
13.338 27.079 70.088
14.598 26.604 70.808
14.413 25.923 71.937
15.535 25.401 72.712
16.277 24.382 71.848
15.524 23.503 71.194
16.12 22.484 70.334
16.84 23.105 69.14
16.27 24.172 68.591
16.878 24.854 67.45
18.253 25.38 67.861
18.335 25.885 69.087
19.596 26.395 69.608
20.605 25.258 69.751
20.171 24.147 70.345
21.055 23.002 70.533
21.591 22.547 69.18
20.696 22.463 68.202
21.074 22.045 66.858
22.088 23.006 66.242
21.877 24.303 66.441
22.784 25.298 65.894
24.184 25.157 66.489
24.259 24.953 67.8
25.555 24.822 68.453
26.337 23.611 67.945
25.677 22.458 67.892
26.327 21.227 67.45
26.603 21.152 65.958
25.592 21.485 65.167
25.699 21.399 63.719
26.391 22.564 63.025
26.054 23.789 63.41
26.644 24.948 62.759
27.84 25.581 63.456
27.975 25.351 64.756
29.108 25.9 65.492
30.114 24.799 65.809
29.697 23.553 65.597
30.572 22.413 65.817
30.997 22.096 67.239
30.175 22.451 68.22
30.526 22.179 69.615
29.5 21.314 70.341
29.963 20.532 71.314
29.059 19.698 72.101
28.397 20.634 73.114
27.361 20.153 73.794
26.655 20.976 74.771
26.555 20.336 76.149
26.906 21.11 77.174
26.825 20.656 78.561
25.794 21.528 79.272
24.947 20.906 80.086
23.939 21.652 80.831
24.25 21.696 82.323
24.084 22.875 82.911
24.269 23.071 84.346
22.953 22.594 84.968
23.013 21.679 85.931
21.793 21.219 86.594
21.923 21.485 88.095
20.792 21.775 88.733
20.769 22.146 90.145
19.775 21.339 90.981
20.027 20.041 91.098
19.15 19.151 91.851
19.397 19.176 93.358
20.411 19.92 93.79
20.758 19.997 95.212
19.811 20.847 96.067
18.966 21.653 95.432
18.023 22.471 96.183
16.88 22.957 95.31
15.809 23.4 95.957
14.652 23.929 95.249
14.589 25.427 95.554
13.856 26.184 94.743
13.747 27.623 94.965
13.081 27.945 96.3
12.127 27.111 96.702
11.411 27.32 97.952
10.692 26.056 98.403
10.218 26.08 99.643
9.49 24.959 100.222
8.338 25.532 101.043
7.625 24.67 101.761
6.515 25.134 102.574
5.195 25.136 101.83
4.08 25.379 102.535
2.741 25.404 101.942
2.252 26.728 101.354
3.072 27.775 101.385
2.604 29.064 100.886
3.319 29.707 99.702
4.621 29.487 99.572
5.356 30.11 98.476
4.906 29.673 97.088
4.802 30.648 96.191
4.395 30.423 94.809
5.248 29.376 94.094
6.543 29.363 94.389
7.462 28.447 93.728
7.698 27.112 94.428
7.036 26.891 95.558
7.178 25.621 96.259
6.283 24.617 95.536
6.896 23.632 94.892
6.136 22.625 94.157
6.218 21.284 94.867
7.42 20.728 94.913
7.647 19.445 95.558
7.195 19.387 97.018
7.529 20.409 97.808
7.167 20.39 99.223
5.69 20.631 99.516
4.911 20.938 98.484
3.479 21.125 98.677
2.777 19.79 98.426
3.294 19.023 97.469
2.697 17.742 97.094
3.005 16.617 98.087
4.254 16.522 98.525
4.634 15.524 99.526
5.462 16.276 100.572
4.786 16.963 101.503
5.464 17.733 102.552
6.548 16.991 103.332
7.667 17.681 103.551
8.802 17.159 104.31
9.525 15.943 103.743
9.249 15.599 102.489
9.906 14.45 101.878
11.061 14.807 100.942
10.832 15.763 100.05
11.836 16.16 99.065
12.938 17.095 99.559
12.777 17.639 100.761
13.771 18.557 101.324
14.536 17.891 102.465
15.77 18.331 102.702
16.548 17.781 103.808
16.207 18.667 105.003
15.863 18.047 106.13
15.475 18.8 107.319
16.423 18.655 108.504
16.398 19.65 109.383
17.212 19.617 110.591
16.614 18.508 111.462
17.467 17.668 112.043
17.012 16.545 112.866
16.174 16.894 114.092
16.339 18.104 114.612
15.606 18.508 115.806
14.375 19.379 115.575
14.5 20.365 114.693
13.422 21.31 114.42
12.507 20.995 113.243
12.994 20.203 112.295
12.187 19.888 111.13
12.271 20.988 110.081
13.054 22.027 110.367
13.218 23.143 109.441
13.996 22.716 108.194
13.602 23.238 107.034
14.291 22.921 105.782
15.679 23.561 105.826
16.713 22.753 105.631
18.073 23.268 105.683
18.401 24.173 104.5
19.345 25.085 104.709
19.721 26.039 103.675
21.219 26.126 103.414
21.925 25.017 103.606
23.367 24.984 103.388
23.767 25.282 101.94
22.885 24.97 100.996
23.186 25.212 99.585
22.986 26.685 99.247
22.201 27.361 100.085
21.857 28.779 99.945
20.389 28.947 100.182
19.675 27.946 99.704
18.249 28.015 99.652
17.446 26.899 100.341
16.651 26.146 99.581
15.87 25.052 100.175
16.506 23.71 99.812
17.431 23.25 100.655
18.148 21.996 100.42
17.227 20.814 100.108
17.588 20.047 99.082
16.811 18.881 98.676
17.39 17.638 99.342
16.706 16.507 99.185
17.162 15.255 99.772
17.357 14.159 98.723
18.463 14.224 97.961
18.756 13.225 96.925
18.925 11.828 97.515
19.079 11.75 98.836
19.235 10.458 99.499
17.9 9.731 99.631
16.804 10.444 99.382
15.471 9.847 99.449
15.155 9.248 98.076
14.732 7.985 98.081
14.445 7.217 96.868
13.645 7.856 95.741
12.52 8.479 96.064
11.724 9.09 95.009
12.328 10.384 94.464
13.198 11.046 95.224
13.813 12.246 94.658
14.953 11.793 93.749
15.638 10.717 94.133
16.719 10.186 93.308
16.103 9.779 91.97
14.899 9.217 92.028
14.209 8.807 90.812
13.847 10.028 89.964
13.324 11.073 90.6
12.961 12.28 89.859
14.186 12.811 89.11
15.33 12.844 89.793
16.573 13.319 89.193
16.958 12.474 87.978
16.977 11.155 88.143
17.347 10.27 87.042
16.375 10.395 85.873
15.08 10.463 86.175
14.064 10.592 85.129
14.214 11.91 84.375
14.562 12.966 85.102
14.761 14.29 84.521
15.962 14.279 83.563
17.083 13.731 84.028
18.294 13.636 83.215
18.012 12.84 81.937
17.157 11.826 82.047
16.8 10.997 80.895
16.144 11.847 79.798
15.268 12.763 80.197
14.601 13.636 79.233
15.61 14.599 78.595
16.444 15.251 79.402
17.422 16.166 78.814
18.364 15.442 77.847
18.73 14.21 78.186
19.628 13.408 77.361
18.984 12.954 76.057
17.858 12.271 76.178
17.161 11.734 75.016
16.393 12.763 74.189
15.559 13.549 74.852
14.742 14.522 74.15
15.408 15.835 73.767
16.451 16.237 74.489
17.137 17.483 74.156
18.58 17.278 73.668
19.004 16.018 73.598
20.338 15.646 73.125
21.511 16.386 73.777
21.457 16.524 75.099
22.53 17.173 75.842
23.665 16.156 75.933
24.906 16.617 75.773
26.075 15.731 75.783
26.736 15.482 77.14
26.511 16.38 78.093
27.104 16.218 79.411
26.397 17.085 80.43
26.588 16.783 81.709
25.945 17.546 82.768
26.922 17.982 83.847
26.784 19.235 84.271
27.609 19.803 85.327
26.697 19.864 86.545
26.964 19.018 87.536
26.139 18.993 88.738
26.52 20.077 89.741
25.645 21.061 89.888
25.887 22.133 90.838
25.868 21.516 92.235
26.838 21.892 93.066
26.952 21.381 94.431
26.693 19.878 94.506
27.391 19.152 93.644
27.28 17.706 93.569
27.619 17.073 94.917
28.425 17.778 95.706
28.837 17.291 97.019
27.674 17.079 97.993
26.531 17.709 97.736
25.377 17.523 98.614
24.581 16.283 98.214
25.087 15.574 97.209
24.464 14.346 96.721
25.27 13.141 97.188
24.595 12.014 97.446
25.323 10.817 97.875
26.102 10.295 96.665
27.306 9.784 96.904
28.139 9.229 95.835
27.361 8.148 95.09
26.666 7.303 95.848
25.889 6.21 95.273
24.754 6.69 94.373
24.172 7.837 94.703
23.069 8.362 93.907
23.57 8.877 92.559
24.691 9.593 92.567
25.257 10.112 91.323
25.65 8.953 90.403
26.274 7.926 90.974
26.691 6.774 90.182
25.509 5.989 89.618
24.444 5.849 90.403
23.248 5.142 89.948
22.635 5.912 88.778
22.587 7.236 88.906
22.044 8.077 87.842
22.893 7.927 86.579
24.212 7.848 86.743
25.098 7.701 85.593
24.849 6.354 84.909
24.654 5.311 85.706
24.39 3.979 85.162
23.104 3.989 84.328
22.096 4.712 84.806
20.819 4.808 84.104
20.931 5.616 82.819
21.66 6.728 82.865
21.799 7.565 81.681
22.724 6.96 80.622
23.71 6.173 81.049
24.622 5.537 80.094
23.872 4.535 79.221
22.72 4.076 79.7
21.906 3.136 78.935
21.24 3.874 77.771
21.068 5.185 77.924
20.447 6.018 76.899
21.5 6.603 75.954
22.605 7.068 76.529
23.729 7.634 75.781
24.968 7.101 76.499
25.6 6.057 75.943
26.787 5.444 76.541
27.99 6.353 76.763
28.038 7.47 76.047
29.163 8.392 76.161
28.878 9.668 76.947
27.751 9.713 77.651
27.403 10.895 78.441
28.49 11.133 79.496
28.788 12.399 79.78
29.811 12.736 80.771
29.195 13.495 81.941
29.546 13.075 83.156
29.062 13.688 84.396
30.228 14.32 85.158
30.028 15.528 85.672
31.039 16.192 86.499
30.352 17.269 87.327
31.029 17.749 88.365
30.43 18.78 89.19
31.329 19.283 90.298
30.756 20.079 91.196
31.504 20.618 92.328
31.556 19.56 93.42
32.745 19.026 93.668
32.9 18.01 94.691
33.593 18.522 95.943
33.113 19.636 96.486
33.708 20.193 97.701
33.196 19.38 98.899
33.327 19.926 100.106
32.842 19.234 101.302
31.506 19.848 101.723
30.443 19.055 101.637
29.093 19.499 101.979
28.744 19.328 103.454
29.619 18.657 104.194
29.405 18.395 105.616
28.233 17.433 105.806
27.923 16.646 104.779
26.821 15.695 104.88
27.316 14.269 105.094
28.609 14.115 105.37
29.199 12.791 105.569
28.61 11.98 106.719
27.96 12.652 107.665
27.351 11.956 108.794
26.075 11.241 108.36
25.51 11.674 107.237
24.285 11.074 106.716
24.54 10.038 105.625
25.573 10.266 104.819
25.915 9.366 103.718
27.269 9.723 103.109
27.832 8.813 102.315
29.117 9.075 101.669
28.835 10.061 100.541
29.47 11.227 100.603
29.237 12.277 99.617
30.005 12.153 98.304
29.477 12.811 97.275
30.09 12.815 95.954
31.11 13.954 95.896
32.263 13.72 96.517
33.34 14.702 96.583
34.54 14.303 95.734
35.479 15.234 95.58
36.703 14.983 94.82
37.354 13.68 95.297
37.506 13.55 96.61
38.129 12.373 97.21
37.401 11.057 96.965
36.123 11.024 97.327
35.324 9.814 97.196
35.044 9.362 95.77
35.143 10.282 94.815
34.883 9.947 93.419
36.108 9.461 92.647
37.242 9.331 93.327
38.456 8.862 92.67
38.223 7.524 91.967
38.626 7.451 90.7
38.492 6.226 89.925
37.107 5.865 89.421
36.113 6.699 89.715
34.74 6.422 89.286
34.423 6.892 87.874
35.195 7.848 87.37
34.925 8.362 86.04
34.066 9.62 86.075
33.66 10.037 87.274
32.85 11.248 87.453
33.837 12.38 87.721
33.801 13.422 86.902
34.738 14.511 87.105
34.363 15.509 88.184
35.369 16.229 88.672
35.162 17.276 89.663
36.082 18.449 89.356
35.594 19.653 89.622
36.396 20.849 89.427
37.559 20.762 90.41
38.754 21.13 89.967
39.898 21.126 90.874
40.218 22.557 91.284
40.278 22.793 92.59
40.587 24.118 93.101
42.087 24.311 93.333
42.867 23.269 93.054
44.321 23.3 93.244
45.067 24.232 92.286
45.106 23.888 91.001
45.798 24.737 90.03
45.102 26.093 89.972
43.776 26.066 90.066
42.958 27.275 90.055
43.524 28.328 91.014
43.647 27.962 92.288
44.161 28.898 93.29
45.653 29.185 93.158
46.427 28.194 92.735
47.867 28.388 92.583
48.188 29.433 91.516
47.416 29.426 90.43
47.632 30.359 89.322
46.955 31.717 89.518
45.721 31.708 90.013
44.99 32.951 90.267
45.594 33.661 91.47
45.991 32.871 92.461
46.544 33.418 93.684
45.469 33.439 94.762
45.884 33.308 96.017
44.939 33.339 97.123
43.862 32.269 97.127
42.674 32.655 97.586
41.552 31.733 97.656
40.215 32.45 97.596
39.101 31.703 97.527
37.762 32.295 97.46
37.265 33.009 98.717
38.03 32.952 99.803
37.612 33.612 101.037
38.369 34.904 101.326
39.216 35.324 100.391
39.994 36.549 100.563
39.15 37.817 100.43
39.476 38.823 101.236
38.786 40.104 101.185
39.777 41.189 101.589
39.462 42.435 101.262
40.359 43.521 101.611
41.726 43.4 100.962
42.765 43.81 101.682
44.117 43.769 101.146
44.624 42.383 100.758
44.027 41.341 101.326
44.433 39.978 101.003
44.24 39.72 99.508
43.256 40.385 98.91
43.002 40.212 97.483
44.208 40.652 96.647
44.975 41.621 97.146
46.156 42.084 96.422
47.412 41.342 96.875
47.536 41.101 98.179
48.709 40.411 98.715
48.927 39.012 98.146
47.843 38.261 97.984
47.949 36.89 97.512
48.092 36.71 96.012
49.28 37.029 95.507
49.579 36.897 94.089
49.68 35.423 93.697
49.423 35.129 92.425
49.507 33.754 91.969
50.616 33.589 90.95
50.829 32.367 90.471
51.874 32.152 89.479
51.58 32.993 88.238
50.298 33.165 87.93
49.922 33.941 86.763
50.108 35.438 86.915
50.222 35.912 88.153
50.394 37.339 88.386
51.73 37.72 89.028
52.711 36.827 88.924
54.042 37.122 89.426
54.428 36.855 90.869
53.798 35.877 91.509
54.135 35.561 92.892
55.642 35.334 92.986
56.285 36.034 93.915
57.719 35.894 94.088
58.575 36.696 93.117
58.374 36.482 91.818
59.172 37.15 90.786
58.851 38.606 90.447
57.615 39.036 90.673
57.234 40.422 90.398
56.238 40.848 91.477
56.711 40.945 92.727
55.904 41.326 93.888
55.327 42.73 93.844
54.103 42.884 94.346
53.488 44.202 94.402
53.923 44.83 95.727
53.377 45.996 96.06
53.782 46.692 97.282
53.213 46.191 98.607
52.274 45.252 98.558
51.662 44.745 99.786
52.011 43.309 100.139
52.34 42.512 99.13
52.637 41.104 99.351
53.851 40.814 100.218
53.804 39.683 100.914
54.924 39.245 101.735
55.205 37.779 101.398
54.728 37.341 100.234
54.942 35.958 99.807
56.431 35.663 99.66
56.862 34.533 100.208
58.262 34.136 100.138
58.511 33.321 98.874
59.782 33.101 98.56
60.142 32.318 97.388
59.595 30.913 97.576
59.701 30.416 98.804
59.217 29.085 99.148
57.716 28.969 98.885
56.958 29.983 99.292
55.515 29.968 99.079
55.19 30.003 97.589
55.959 30.784 96.836
55.751 30.892 95.396
56.066 29.566 94.716
57.117 28.894 95.174
57.487 27.62 94.582
56.477 26.528 94.929
55.808 26.663 96.073
54.794 25.683 96.449
53.638 25.801 95.461
53.301 27.027 95.079
52.214 27.212 94.127
52.603 26.604 92.78
53.888 26.678 92.433
54.357 26.11 91.168
54.21 24.591 91.21
54.457 24.006 92.379
54.312 22.566 92.54
52.86 22.17 92.28
51.926 22.946 92.824
50.505 22.668 92.635
50.099 22.854 91.176
50.744 23.803 90.501
50.436 24.08 89.1
50.93 22.944 88.203
52.175 22.525 88.402
52.735 21.433 87.618
51.892 20.175 87.829
51.552 19.896 89.084
50.74 18.726 89.399
49.428 18.802 88.626
48.853 20.001 88.564
47.604 20.191 87.845
47.74 19.999 86.345
48.857 20.453 85.785
49.092 20.315 84.355
49.264 18.846 83.995
49.576 18.024 84.996
49.73 16.59 84.779
48.441 15.858 85.174
47.362 16.617 85.36
46.074 16.024 85.693
45.676 15.873 87.151
46.447 16.476 88.054
46.202 16.407 89.5
45.952 14.98 89.976
46.827 14.07 89.562
46.713 12.664 89.93
47.3 12.399 91.31
46.638 11.542 92.078
47.123 11.208 93.409
48.495 10.525 93.36
48.709 9.681 92.354
49.96 8.929 92.236
51.051 9.471 91.306
50.82 10.619 90.673
51.836 11.186 89.789
53.041 11.573 90.64
54.236 11.225 90.17
55.462 11.511 90.91
56.252 12.703 90.373
56.552 13.656 91.25
57.32 14.826 90.844
58.335 15.232 91.903
59.217 16.158 91.537
60.222 16.678 92.461
59.633 17.99 92.955
59.487 18.144 94.27
58.908 19.37 94.806
59.906 20.508 94.993
59.412 21.625 95.515
60.225 22.815 95.728
61.52 22.566 96.487
61.518 21.569 97.362
62.703 21.271 98.159
63.591 20.181 97.563
63.219 19.686 96.387
63.997 18.645 95.741
63.586 17.249 96.175
62.547 17.161 96.998
62.079 15.869 97.482
61.159 15.175 96.484
61.206 13.846 96.473
60.359 13.051 95.59
58.994 12.943 96.263
57.945 13.355 95.555
56.603 13.333 96.121
55.528 12.854 95.158
54.537 12.157 95.699
53.396 11.715 94.902
52.434 12.9 94.965
51.537 13.007 93.992
50.6 14.117 93.984
49.836 14.282 95.285
49.446 13.16 95.884
48.699 13.174 97.136
49.516 13.736 98.297
50.827 13.848 98.104
51.701 14.363 99.152
51.919 15.87 99.074
51.53 16.477 97.958
51.667 17.921 97.815
50.462 18.527 98.522
50.72 19.305 99.564
49.649 19.899 100.349
48.86 21.037 99.709
47.547 21.002 99.911
46.654 22.05 99.433
45.83 22.475 100.645
46.285 23.526 101.319
45.622 24.045 102.511
45.241 22.967 103.526
46.146 22.028 103.777
45.858 20.986 104.748
45.329 19.67 104.21
44.985 19.624 102.926
44.466 18.402 102.322
45.398 17.893 101.225
45.371 16.578 100.946
46.246 16.051 99.894
45.905 16.703 98.554
46.921 17.249 97.891
46.721 17.934 96.624
46.139 17.116 95.49
46.888 16.115 95.039
46.423 15.258 93.961
45.417 14.254 94.49
44.263 14.157 93.835
43.214 13.247 94.29
42.649 12.291 93.247
42.957 12.521 91.977
42.384 11.701 90.912
43.141 10.462 90.443
42.416 9.587 89.75
42.981 8.361 89.197
43.34 8.601 87.731
42.521 9.398 87.048
42.744 9.734 85.641
42.546 11.233 85.474
43.248 11.848 84.512
43.11 13.291 84.289
41.688 13.673 83.879
40.938 12.708 83.354
39.565 12.96 82.935
38.597 13.112 84.112
39.112 12.946 85.325
38.306 13.099 86.53
38.581 14.482 87.114
39.418 15.243 86.416
39.795 16.575 86.867
39.471 17.672 85.863
38.806 18.717 86.337
38.469 19.839 85.476
39.257 21.04 85.989
40.279 21.446 85.233
41.115 22.595 85.603
40.512 23.88 85.065
40.715 24.975 85.793
40.207 26.273 85.375
40.838 27.396 86.179
40.827 28.601 85.61
41.344 29.776 86.298
40.31 30.903 86.295
39.104 30.589 85.829
38.011 31.553 85.832
36.7 30.792 85.637
35.63 31.303 86.239
34.309 30.674 86.18
33.261 31.733 86.533
31.975 31.433 86.346
30.937 32.422 86.654
31.019 32.889 88.111
31.364 31.966 89.008
31.51 32.244 90.442
32.818 32.977 90.722
32.792 33.877 91.703
33.971 34.644 92.102
34.454 35.606 91.016
35.473 36.395 91.343
36.016 37.382 90.412
36.6 36.783 89.136
36.478 37.513 88.028
37.03 37.054 86.76
38.549 37.069 86.847
39.192 36.326 85.955
40.647 36.262 85.916
41.244 37.66 85.756
40.671 38.471 84.866
41.196 39.821 84.66
41.1 40.675 85.912
39.981 40.567 86.618
39.806 41.348 87.83
40.796 40.892 88.903
41.105 39.598 88.935
42.073 39.094 89.906
43.467 39.626 89.562
43.819 39.605 88.281
45.115 40.116 87.855
45.184 41.615 88.169
44.05 42.303 88.053
44.021 43.728 88.34
44.211 43.969 89.841
43.72 43.048 90.666
43.876 43.161 92.117
45.313 42.871 92.545
45.95 41.941 91.838
47.284 41.46 92.202
48.536 41.94 91.477
48.397 42.389 90.238
49.556 42.83 89.465
50.333 43.995 90.071
51.656 43.896 89.999
52.534 44.943 90.498
52.234 46.213 89.708
52.403 47.364 90.352
52.141 48.644 89.705
52.928 48.805 88.408
54.158 48.291 88.386
55.018 48.414 87.208
54.687 47.479 86.045
53.777 46.535 86.258
53.384 45.622 85.188
52.457 46.424 84.281
52.923 46.757 83.076
52.101 47.55 82.166
50.949 46.769 81.549
50.129 47.458 80.766
48.973 46.826 80.145
49.32 45.593 79.322
50.324 45.708 78.459
50.733 44.587 77.619
51.141 43.38 78.459
51.847 43.639 79.551
52.281 42.562 80.426
51.088 41.867 81.074
50.065 42.639 81.425
48.883 42.067 82.062
48.092 41.18 81.112
48.104 41.52 79.825
47.402 40.712 78.841
48.135 39.384 78.757
49.464 39.44 78.782
50.254 38.217 78.725
50.062 37.396 80.002
49.854 38.059 81.14
49.617 37.331 82.391
48.306 36.558 82.254
47.323 37.168 81.595
46.041 36.494 81.396
46.271 35.247 80.533
47.059 35.389 79.468
47.349 34.263 78.57
48.198 33.192 79.258
49.186 33.623 80.034
50.04 32.685 80.747
49.222 31.875 81.756
48.296 32.54 82.442
47.434 31.88 83.422
46.593 30.82 82.71
46.003 31.205 81.585
45.182 30.283 80.817
46.002 29.147 80.192
47.286 29.391 79.928
48.14 28.366 79.333
48.279 27.139 80.241
48.29 27.353 81.554
48.424 26.234 82.487
47.229 25.291 82.4
46.08 25.831 82.007
44.867 25.039 81.864
44.805 24.389 80.477
44.901 25.216 79.441
44.815 24.745 78.06
45.881 23.747 77.625
47.087 23.862 78.177
48.163 22.953 77.804
48.345 21.814 78.809
47.408 21.701 79.751
47.478 20.648 80.757
46.696 19.401 80.37
46.927 18.303 81.091
46.262 17.021 80.824
44.822 16.943 81.348
44.496 17.74 82.358
43.137 17.714 82.87
42.175 18.346 81.876
40.886 18.076 82.034
39.893 18.678 81.149
40 20.19 81.337
39.889 20.935 80.241
40 22.393 80.283
38.64 23.081 80.349
38.484 23.975 81.323
37.231 24.703 81.521
37.564 26.189 81.666
36.735 27.043 81.076
36.96 28.477 81.156
35.661 29.261 81.047
35.688 30.468 81.598
34.55 31.373 81.586
34.412 32.078 80.24
33.172 32.223 79.791
32.862 32.918 78.548
33.491 34.296 78.685
34.3 34.705 77.713
34.894 36.029 77.787
36.329 36.154 78.272
36.924 35.077 78.774
38.309 35.177 79.227
39.207 35.573 78.061
38.809 35.185 76.852
39.588 35.501 75.663
39.45 36.976 75.303
38.54 37.662 75.992
38.313 39.085 75.789
38.64 39.859 77.067
39.441 39.252 77.942
39.851 39.895 79.2
38.651 40.355 80.034
37.579 39.571 79.999
36.342 39.898 80.697
36.442 40.392 82.134
35.797 41.524 82.389
35.753 42.108 83.721
34.309 42.275 84.168
34.099 42.271 85.479
32.772 42.489 86.041
32.877 43.706 86.963
33.868 44.55 86.685
34.11 45.752 87.477
34.369 45.352 88.939
35.059 44.223 89.111
35.424 43.657 90.414
34.306 42.942 91.185
33.133 42.778 90.579
32.048 42.085 91.273
32.457 40.632 91.547
32.308 40.182 92.792
32.664 38.81 93.145
31.57 37.799 92.786
30.333 38.114 93.161
29.18 37.237 92.933
28.145 38.034 92.138
28.223 37.95 90.812
27.347 38.725 89.934
26.016 38.115 89.489
25.548 37.087 90.193
24.305 36.387 89.847
23.07 37.241 89.573
22.963 38.384 90.244
21.81 39.265 90.081
22.298 40.679 89.777
23.505 40.784 89.225
24.084 42.089 88.911
23.731 42.636 87.535
22.783 41.974 86.877
22.292 42.421 85.583
23.184 42.477 84.359
22.628 43.041 83.291
23.354 43.188 82.036
24.558 44.121 82.204
24.441 45.094 83.103
25.509 46.071 83.291
26.863 45.521 83.729
26.884 44.787 84.834
28.14 44.244 85.337
28.567 42.934 84.677
27.633 42.266 84.004
27.916 40.994 83.335
28.154 41.126 81.831
28.173 42.361 81.353
28.367 42.67 79.942
29.601 42.074 79.263
29.395 41.518 78.068
30.473 40.976 77.239
30.258 41.647 75.879
31.211 42.485 75.49
31.132 43.249 74.248
31.776 42.567 73.05
30.965 41.938 72.205
31.525 41.269 71.048
31.901 42.215 69.91
31.728 43.517 70.132
32.12 44.499 69.126
33.571 44.882 69.45
34.071 44.342 70.562
35.453 44.538 71.005
35.907 45.951 71.397
35.01 46.774 71.921
35.41 48.125 72.307
36.14 48.172 73.653
35.688 47.366 74.612
36.322 47.301 75.93
35.931 46 76.638
36.561 45.708 77.778
36.289 44.463 78.508
35.328 44.603 79.688
34.653 45.746 79.763
33.684 46.057 80.816
34.311 46.359 82.172
35.594 46.694 82.155
36.311 47.045 83.372
36.019 48.516 83.677
36.064 48.878 84.956
35.847 50.258 85.375
34.512 50.853 84.914
33.411 50.172 85.219
32.095 50.672 84.838
31.243 50.958 86.072
31.922 51.197 87.194
31.244 51.499 88.443
31.637 50.555 89.565
31.582 51.032 90.807
31.92 50.183 91.943
30.89 49.048 91.982
31.32 47.839 92.362
30.418 46.685 92.432
29.449 46.756 93.611
28.454 45.872 93.601
27.442 45.808 94.657
28.043 45.968 96.058
27.594 46.993 96.775
28.109 47.27 98.111
27.763 46.215 99.158
26.612 45.572 99.008
26.198 44.565 99.977
27.209 43.43 100.136
27.87 43.047 99.048
28.831 41.951 99.107
30.287 42.342 98.853
30.514 43.462 98.169
31.883 43.895 97.883
32.276 45.2 98.558
31.372 45.736 99.368
31.645 46.983 100.063
32.935 46.978 100.861
33.276 45.83 101.44
34.494 45.716 102.234
35.749 45.753 101.366
35.567 45.675 100.049
36.698 45.693 99.124
36.842 47.017 98.383
35.965 47.97 98.684
36.011 49.276 98.033
37.363 49.974 98.208
37.927 49.903 99.409
39.209 50.549 99.67
40.333 50.02 98.775
40.498 48.699 98.716
41.551 48.126 97.885
41.242 48.333 96.396
39.964 48.286 96.027
39.59 48.506 94.635
40.022 49.904 94.211
39.691 50.901 95.026
40.039 52.283 94.71
41.543 52.461 94.532
42.327 51.687 95.275
43.78 51.786 95.201
44.439 51.136 93.988
43.864 50.043 93.494
44.455 49.334 92.362
43.783 49.554 91.015
42.52 49.962 91.045
41.733 50.131 89.83
42.349 50.862 88.646
42.927 52.035 88.879
43.472 52.813 87.771
44.97 52.704 87.493
45.59 51.611 87.93
47.022 51.409 87.716
47.414 51.571 86.249
46.647 50.957 85.354
46.915 51.055 83.922
45.622 51.355 83.176
45.72 51.499 81.858
44.554 51.794 81.039
43.622 50.593 80.919
42.368 50.875 80.582
41.358 49.842 80.401
41.534 49.258 79.005
41.5 47.921 78.885
41.66 47.264 77.584
40.738 47.816 76.509
41.266 47.906 75.291
40.501 48.391 74.157
40.559 47.351 73.055
40.098 47.703 71.858
40.096 46.761 70.745
41.455 46.112 70.474
42.532 46.883 70.598
43.874 46.364 70.355
44.212 45.218 71.302
43.946 45.421 72.587
44.231 44.404 73.592
43.298 43.197 73.477
42.032 43.449 73.153
41.063 42.367 73.016
41.408 41.474 71.827
41.81 42.077 70.71
42.18 41.284 69.541
43.445 40.493 69.861
44.361 41.129 70.586
45.612 40.487 70.98
45.317 39.267 71.847
44.439 39.432 72.832
44.098 38.321 73.723
43.367 37.197 72.993
42.446 37.54 72.097
41.732 36.501 71.366
42.728 35.674 70.548
43.742 36.333 69.994
44.758 35.634 69.219
45.534 34.684 70.131
45.955 35.178 71.292
46.695 34.339 72.235
45.854 33.124 72.632
44.576 33.367 72.904
43.65 32.324 73.344
43.465 31.221 72.312
43.216 31.619 71.071
43.012 30.662 69.997
44.305 29.921 69.668
45.449 30.53 69.983
46.732 29.867 69.763
46.839 28.739 70.791
46.457 29.033 72.033
46.515 28.031 73.093
45.584 26.852 72.839
44.35 27.129 72.431
43.41 26.04 72.181
43.8 25.25 70.935
44.43 25.922 69.976
44.854 25.251 68.754
46.003 24.306 69.092
46.876 24.74 69.997
47.994 23.909 70.411
47.488 22.689 71.176
46.477 22.894 72.02
45.913 21.809 72.819
45.48 20.632 71.949
44.864 20.93 70.81
44.405 19.872 69.916
45.379 19.543 68.783
46.578 20.117 68.826
47.565 19.882 67.774
48.281 18.539 67.878
48.078 17.835 68.987
48.714 16.539 69.196
47.985 15.738 70.264
47.917 14.41 70.094
47.237 13.581 71.091
48.024 13.533 72.401
49.271 13.992 72.361
50.122 13.98 73.547
49.632 14.901 74.669
48.911 15.958 74.312
48.401 16.903 75.311
47.205 16.365 76.091
46.543 15.358 75.532
45.335 14.792 76.125
45.338 13.267 76.201
46.327 12.712 76.893
46.481 11.264 77.028
45.276 10.521 77.619
44.531 11.176 78.507
43.342 10.57 79.088
43.508 9.564 80.216
44.42 8.612 80.039
44.672 7.572 81.034
45.767 7.98 82.018
45.473 7.846 83.31
46.43 8.208 84.343
47.771 7.501 84.233
47.738 6.191 84.009
48.962 5.403 83.875
49.809 5.897 82.706
49.153 6.31 81.628
49.866 6.805 80.459
50.505 8.162 80.779
49.794 8.995 81.536
50.325 10.299 81.927
51.599 10.09 82.741
51.551 9.144 83.673
52.698 8.843 84.521
53.886 8.297 83.725
53.601 7.614 82.623
54.656 7.043 81.793
55.273 8.023 80.802
54.577 9.118 80.516
55.066 10.075 79.527
55.33 11.504 79.971
54.628 11.964 81.001
54.787 13.342 81.45
55.796 13.54 82.577
56.631 14.567 82.429
57.645 14.882 83.428
57.867 16.393 83.419
58.702 16.879 84.333
58.997 18.307 84.408
60.482 18.582 84.6
60.908 19.755 84.137
62.287 20.211 84.267
62.229 21.477 85.116
63.389 22.023 85.46
63.438 23.228 86.281
62.664 23.028 87.585
63.011 21.975 88.318
62.364 21.675 89.589
63.408 21.68 90.703
62.952 21.594 91.947
63.887 21.567 93.057
64.291 22.916 93.621
65.231 22.881 94.561
65.712 24.081 95.236
66.431 25.105 94.36
67.035 24.66 93.264
67.765 25.571 92.382
66.971 26.011 91.156
65.658 25.821 91.189
64.82 26.189 90.05
64.735 27.695 89.836
64.409 28.084 88.609
64.232 29.488 88.274
62.741 29.715 88.501
62.417 30.485 89.533
61.033 30.746 89.909
60.135 31.26 88.79
58.944 30.677 88.693
57.99 31.1 87.684
58.092 30.402 86.343
59.204 29.717 86.101
59.39 29.008 84.839
58.875 27.579 84.94
57.837 27.28 84.167
57.249 25.949 84.167
57.682 25.231 82.894
58.342 24.088 83.052
58.802 23.319 81.904
58.283 21.889 82.014
57.381 21.522 81.108
56.796 20.187 81.095
57.179 19.443 79.821
57.492 18.159 79.96
57.85 17.334 78.81
56.858 16.186 78.657
56.562 15.83 77.412
55.641 14.738 77.121
56.361 13.823 76.144
56.716 12.636 76.621
57.449 11.66 75.826
56.615 10.889 74.806
57.21 10.641 73.643
56.565 9.85 72.602
57.658 8.969 72.01
58.745 8.83 72.764
59.87 8.021 72.329
59.724 6.541 72.636
60.737 5.772 72.25
60.753 4.323 72.44
60.466 3.823 73.854
60.898 4.566 74.866
60.685 4.142 76.244
59.274 4.38 76.783
58.488 5.187 76.08
57.121 5.472 76.508
56.185 4.395 75.977
56.592 3.778 74.876
55.784 2.749 74.256
55.662 3.073 72.785
54.459 2.942 72.242
54.236 3.227 70.835
54.168 4.727 70.581
54.503 5.122 69.36
54.457 6.522 68.981
52.996 6.906 68.772
52.501 7.833 69.59
51.117 8.29 69.49
50.98 9.423 68.482
52.1 10.06 68.162
52.111 11.162 67.209
53.218 10.926 66.185
52.82 10.66 64.945
53.762 10.378 63.866
54.7 11.523 63.505
54.357 12.739 63.916
55.18 13.9 63.592
56.274 14.229 64.61
56.107 13.795 65.856
57.104 14.103 66.878
57.438 12.942 67.803
58.617 13.017 68.417
59.071 12.007 69.366
58.894 12.548 70.782
58.451 13.795 70.881
58.25 14.405 72.182
57.869 15.87 72.071
57.294 16.404 73.144
56.87 17.797 73.196
57.357 18.45 74.483
57.711 19.727 74.383
58.16 20.5 75.534
57.255 21.718 75.665
56.667 21.893 76.843
55.81 23.042 77.105
56.559 23.932 78.087
56.889 25.144 77.663
57.608 26.068 78.529
56.804 27.339 78.748
56.436 27.588 80
55.68 28.779 80.352
56.564 29.601 81.284
57.055 30.734 80.788
57.922 31.601 81.574
57.105 32.72 82.218
56.508 32.43 83.372
55.701 33.416 84.094
56.632 34.254 84.968
57.42 35.105 84.319
58.384 35.951 85.013
58.804 37.125 84.14
59.301 38.204 84.766
59.742 39.4 84.04
61.157 39.319 83.447
61.788 38.153 83.55
63.136 37.936 83.022
63.133 36.983 81.842
64.167 37.079 81.014
64.313 36.152 79.907
64.962 34.953 80.592
64.598 33.75 80.169
65.145 32.53 80.749
65.706 31.65 79.635
66.84 31.01 79.906
67.475 30.132 78.933
67.471 28.688 79.424
66.968 27.789 78.584
66.915 26.37 78.907
68.133 25.682 78.293
68.865 24.927 79.107
70.043 24.2 78.634
69.757 22.701 78.687
68.612 22.351 79.268
68.19 20.96 79.428
68.072 20.139 78.151
68.012 20.801 77.003
67.855 20.072 75.753
68.961 20.308 74.733
70.161 20.602 75.223
71.303 20.837 74.348
71.542 19.595 73.496
71.808 19.804 72.21
72.039 18.688 71.311
70.847 17.751 71.289
69.691 18.274 70.893
68.472 17.474 70.842
67.608 17.839 69.635
67.995 18.898 68.929
67.268 19.363 67.749
65.798 19.638 68.052
65.555 20.66 68.864
64.204 21.046 69.247
63.701 22.118 68.277
62.423 22.054 67.913
61.842 23.032 66.991
60.571 23.659 67.546
60.363 24.935 67.243
59.169 25.629 67.705
57.965 25.127 66.919
56.823 25.003 67.591
55.597 24.541 66.944
55.246 25.375 65.714
54.823 24.702 64.65
54.459 25.378 63.41
53.339 26.384 63.638
52.424 26.049 64.542
51.31 26.931 64.849
51.792 28.254 65.434
52.762 28.202 66.341
53.263 29.442 66.921
54.112 30.212 65.915
54.871 29.493 65.093
55.692 30.145 64.072
54.795 30.952 63.142
53.679 30.349 62.746
52.727 30.987 61.841
52.178 32.312 62.371
52.062 32.426 63.691
51.534 33.639 64.31
52.545 34.787 64.362
53.803 34.492 64.056
54.826 35.524 64.066
54.928 36.304 65.365
55.011 37.629 65.261
55.13 38.47 66.449
53.834 38.619 67.23
52.802 37.888 66.82
51.52 37.931 67.516
51.394 36.689 68.391
52.415 35.841 68.337
52.439 34.596 69.104
52.868 34.793 70.551
52.436 33.884 71.419
52.845 33.951 72.812
54.329 33.595 72.858
54.822 33.014 71.76
56.224 32.614 71.636
57.078 33.621 70.86
56.541 34.811 70.609
57.299 35.831 69.886
58.592 36.158 70.634
59.718 36.133 69.927
60.986 36.438 70.565
61.735 35.222 71.072
61.082 34.065 71.069
61.732 32.844 71.521
62.831 32.51 70.522
63.973 32.059 71.026
65.082 31.714 70.153
65.638 30.329 70.441
65.839 29.562 69.375
66.389 28.219 69.472
67.781 28.309 68.856
68.798 28.327 69.712
70.186 28.449 69.278
70.754 27.202 68.617
71.944 27.355 68.043
72.63 26.264 67.366
73.13 25.222 68.361
73.376 25.647 69.596
73.852 24.732 70.625
72.691 23.97 71.26
71.479 24.231 70.779
70.312 23.549 71.308
69.639 24.246 72.476
70.245 25.322 72.964
69.667 26.058 74.081
68.439 26.809 73.586
67.483 27.033 74.481
66.263 27.746 74.128
66.074 28.92 75.07
65.918 30.112 74.509
65.717 31.296 75.333
64.292 31.814 75.192
63.662 32.074 76.332
62.292 32.569 76.371
62.229 33.978 76.933
61.493 34.876 76.259
61.354 36.261 76.72
60.433 36.276 77.943
60.304 37.433 78.578
59.425 37.549 79.733
57.981 37.223 79.335
57.236 36.656 80.283
55.826 36.308 80.1
55.517 35.694 78.741
56.197 34.595 78.438
56.011 33.914 77.166
55.651 32.448 77.355
55.118 31.85 76.295
54.719 30.448 76.292
55.229 29.838 74.994
56 28.763 75.101
56.537 28.114 73.92
56.279 26.619 73.921
55.826 26.114 72.781
55.59 24.693 72.632
56.625 24.25 71.608
57.562 23.419 72.052
58.627 22.916 71.193
58.376 21.446 70.903
58.966 20.949 69.822
58.779 19.559 69.448
60.04 18.913 68.887
60.153 17.604 69.095
61.273 16.826 68.578
60.745 16.155 67.316
61.2 16.607 66.137
60.742 16.022 64.874
61.069 14.536 64.778
60.098 13.75 64.324
60.279 12.31 64.197
60.84 11.938 62.831
61.934 11.183 62.834
62.556 10.774 61.589
61.947 9.519 60.995
62.786 8.713 60.348
62.341 7.473 59.721
61.671 6.543 60.723
62.252 6.449 61.912
61.71 5.592 62.958
61.534 6.375 64.253
60.778 5.802 65.185
60.532 6.43 66.479
61.875 6.79 67.107
61.962 7.989 67.68
63.202 8.436 68.293
63.322 8.155 69.779
64.392 8.664 70.384
64.644 8.476 71.808
63.649 9.261 72.658
63.153 10.368 72.114
62.188 11.184 72.829
62.687 11.86 74.093
61.776 12.024 75.049
62.07 12.667 76.329
61.58 11.758 77.452
62.284 10.641 77.686
61.903 9.692 78.736
61.782 10.306 80.125
60.76 9.876 80.858
60.531 10.355 82.213
61.686 9.876 83.083
62.279 10.796 83.836
63.403 10.464 84.701
62.993 9.588 85.878
63.838 8.615 86.202
63.573 7.713 87.314
63.701 8.515 88.602
62.766 8.315 89.525
62.786 9.045 90.787
62.609 8.11 91.979
