rmsd: 0.0339377666014
15
-0.810902506584 -2.07047585546 16.6182656667 
-1.71045171731 -2.33270611199 15.4987090238 
-0.975076572417 -3.00814980819 14.3458655049 
-1.73082375154 -3.60496394629 13.4267164087 
-1.14209545333 -4.34181666275 12.312352181 
-1.74769072729 -3.90750091528 10.9816857446 
-0.90137533341 -3.75044503902 9.96617617733 
-1.37371463014 -3.58071274334 8.59524689275 
-0.770078978096 -4.6313549634 7.66905906388 
-1.62559117418 -5.45073072219 7.06168914063 
-1.17274487509 -6.46519326094 6.11450565597 
-1.81890099783 -6.27131553563 4.74668159492 
-0.994522566857 -6.04471727322 3.72627510465 
-1.49167070312 -5.86929860424 2.36486679413 
-1.20636001281 -7.09961855804 1.50990504608 
