rmsd: 0.0707036643927
30
-6.70546832782 -0.74046927962 1.6081726136 
-5.79052219148 0.0560245494723 2.42047287492 
-4.43123513829 -0.623679269557 2.54849785193 
-3.40400498177 0.157666515553 2.874799775 
-2.10047715322 -0.398295443867 3.2256303133 
-1.60325693717 0.156913660035 4.55625568395 
-1.16753102003 -0.732223958723 5.44606082858 
-0.567048411081 -0.318435989419 6.71079823987 
0.840407653279 -0.885169600592 6.86548957829 
1.82669909536 -0.000606469058093 6.99569415947 
3.22384250343 -0.417389001124 7.0708152949 
3.94685703952 0.278732508025 8.21916793866 
4.39344256731 -0.501647579867 9.20087271106 
5.17129660494 0.0365337705939 10.31292689 
4.28097059634 0.788275561587 11.2969252881 
3.41011113902 0.057188972491 11.9892345977 
2.5723424979 0.646363834546 13.0296082097 
2.9244658997 0.0878764100802 14.4044354265 
3.55323108751 0.913293418038 15.238412091 
4.17972810322 0.430773519025 16.4656189208 
3.46884203842 0.975963411517 17.6999033099 
3.11588164672 0.0857729059968 18.6246496541 
2.54599726241 0.496426804355 19.9044760998 
3.30767391957 -0.122086970219 21.0720969072 
4.10678301005 0.691681546658 21.7586691451 
4.89524983965 0.214479757584 22.8909054622 
4.36662875823 0.774684500074 24.2072562392 
4.05377242216 -0.11320737255 25.1485027058 
3.73285298724 0.297686957131 26.5121511696 
4.93846748886 0.143872331832 27.4335000198 
