rmsd: 0.0268694060288
75
13.844158131 40.9447158734 17.7285859342 
12.5439954544 41.3574114051 17.2083744587 
12.6488500016 42.6687248782 16.4366805631 
11.6876515817 42.9149729969 15.5491922887 
11.7105803456 44.1071542467 14.7068510834 
10.3419806196 44.7787605726 14.6629340898 
10.3109424184 46.0377852309 14.2315763319 
9.05135440331 46.7179851164 13.9449987425 
8.18608132296 45.8996547011 12.9922727604 
6.88982900303 45.8210448827 13.2850634619 
5.96594794715 45.041728548 12.4662408853 
6.07549756987 45.4242129856 10.9939116067 
6.29499195302 46.7100697601 10.728260432 
6.38777371578 47.2035696412 9.3574176334 
7.61850338007 46.6443971993 8.65124510278 
8.70450352273 46.4665976467 9.40035589874 
9.92300036289 45.8763874898 8.85420757826 
9.73744721412 44.3893148598 8.5709515255 
9.0577708595 43.6913917685 9.47821079765 
8.69383211581 42.2953134597 9.2548847729 
7.86422003446 42.1371942425 7.9849276567 
6.87103182603 43.0064540792 7.81131747741 
6.00568055551 42.9554956457 6.63661284073 
6.79950772249 43.1884462819 5.35535509953 
7.6918426912 44.1760255004 5.37988194691 
8.5167987078 44.4914187819 4.21741249981 
9.40789071137 43.313698391 3.83665182482 
9.95354604902 42.631637988 4.84125614222 
10.8278616598 41.4868902474 4.60358959034 
10.0650877693 40.3335728425 3.96009605898 
8.84251052244 40.093985015 4.42922133419 
7.98795416334 39.0628752249 3.84792399484 
7.65599790175 39.3764011638 2.39274170543 
7.29588190287 40.6289618334 2.12147760563 
6.96068016527 41.0524660703 0.765142645815 
8.16325471857 40.9298221756 -0.16481535763 
9.34128896342 41.2969090924 0.334843014488 
10.5700129803 41.1938894041 -0.446812153088 
10.8506174226 39.7491381918 -0.846817216961 
10.7853841766 38.8400420112 0.123473839075 
11.0686977298 37.4301543035 -0.12814223528 
10.0779919037 36.8370076916 -1.12449961719 
8.79724056701 37.1561634922 -0.951318891156 
7.75881284051 36.6735280728 -1.8569079125 
7.94530808954 37.2374339205 -3.26164229539 
8.41064444105 38.4818307736 -3.34598995206 
8.7050983651 39.1033861629 -4.63375015933 
9.79133247245 38.3370820095 -5.38136127345 
10.8430056009 37.9455558261 -4.66521404418 
11.9342723677 37.1814835595 -5.26245016335 
11.4698800846 35.7905135966 -5.68148636588 
10.6602981889 35.1545029165 -4.83754113997 
10.1297964761 33.8280968682 -5.13849876908 
9.28057257266 33.8472803131 -6.40518725747 
8.37777666206 34.8208890488 -6.50121615397 
7.51036916467 34.9481551753 -7.66859275698 
8.32060278209 35.2210702371 -8.93156062024 
9.35695385748 36.0471883805 -8.80633587382 
10.2241802861 36.3642805623 -9.93714595357 
10.9168440086 35.1141389649 -10.4695104182 
11.435692252 34.2897135195 -9.5621542805 
12.1160331543 33.0570079286 -9.94807363707 
11.1568798525 32.0871469134 -10.630307852 
9.98068292256 31.8974014109 -10.0363942205 
8.98185142976 30.9874611618 -10.5893001427 
8.53023689392 31.4387203081 -11.9743844229 
8.4033452294 32.7507731872 -12.1603729262 
8.0112439646 33.306452304 -13.4522080101 
9.05916650162 33.0128458064 -14.5207128301 
10.3330378524 33.1317271066 -14.1528881524 
11.4249726569 32.9465355036 -15.1040679564 
11.6191454697 31.4719773892 -15.4417427341 
11.2868667648 30.5964558444 -14.495577388 
11.429989336 29.1579310355 -14.6993490017 
10.2324346917 28.5845912597 -15.4498110892 
