rmsd: 0.0324518979659
150
27.7058610375 15.2069839689 24.4657993166 
26.6789003281 15.1096657668 25.4988730969 
25.7072251814 16.2828158096 25.4239374202 
25.5091308973 16.814956942 24.2198774361 
24.592903204 17.9336100093 24.0186246204 
23.1664934515 17.4448534765 23.7894494929 
22.217053832 18.0129012553 24.5297616603 
20.8123450919 17.6403161847 24.3907138727 
20.2525810701 18.0889643274 23.0448208408 
19.2314505959 17.3851292099 22.5609978799 
18.6085756846 17.7190149242 21.2835364357 
17.5326860155 18.7861645425 21.4558793534 
17.5571334349 19.800005586 20.593496238 
16.5365707522 20.8438163859 20.6099701988 
15.4220349947 20.5422783229 19.6135095568 
14.2785059199 21.2025442469 19.7825247635 
13.1493811474 21.0228445724 18.8746999776 
13.5135267637 21.4347364679 17.4520995397 
14.3066131754 22.4963463444 17.3249209693 
14.7591009527 22.9616062851 16.0171944819 
15.6351578526 21.9177624967 15.3323854407 
16.4973436916 21.2638063417 16.1077259477 
17.3460451266 20.1993237661 15.5805226784 
16.5131421289 19.0142170774 15.1031929158 
15.523198633 18.6226919008 15.9025025469 
14.6404586126 17.5169799247 15.5425974911 
13.8904923978 17.8082444309 14.246925992 
13.4124359897 19.0420753066 14.1009827965 
12.6927957629 19.4467928477 12.8969552957 
13.6036505448 19.4202822689 11.6739713527 
14.7913252879 20.0073514352 11.8041807002 
15.7876750672 19.9640694573 10.737984492 
16.1307770899 18.526707747 10.3607295582 
16.307551982 17.6736912047 11.3673523234 
16.6186629527 16.2667179138 11.1328385938 
15.5310389331 15.5913019211 10.3040224512 
14.2733996393 15.8102790637 10.681604751 
13.1475948008 15.1863328631 9.99268155431 
13.0853319573 15.619565785 8.53169505777 
13.2573733464 16.9169983285 8.28828895537 
13.1635892833 17.4613838556 6.93691575962 
14.3503200556 17.0271719603 6.08299593124 
15.529340589 16.9536958232 6.69674491454 
16.7270178591 16.4920531772 6.0011762329 
16.5673132939 15.0529338256 5.52213665926 
15.956192178 14.2132731757 6.35500936872 
15.7330342396 12.8138517662 6.00403811676 
14.6578608331 12.6782906267 4.93087722826 
13.6024161179 13.4820001059 5.04161792321 
12.5129125761 13.453081238 4.07027539952 
13.0052165346 13.8297648144 2.6767922582 
13.9788033388 14.7355527772 2.61472071602 
14.4500562578 15.2667115806 1.33912219818 
15.5628620913 14.4009266443 0.757633943527 
16.3400432109 13.7651959846 1.63171174955 
17.5880222159 13.1268701503 1.22373001079 
17.4836091042 11.6074952209 1.30525727736 
16.5909338897 11.1179120344 2.16293742769 
16.5219808859 9.69125174761 2.46500774408 
17.5779079124 9.29220877856 3.49059625461 
17.7414126482 7.98759941502 3.69901071018 
18.5334006979 7.48437529329 4.81743861543 
19.6891062646 6.61692397686 4.32966630595 
20.0105611395 6.72354429887 3.04223675615 
21.0813631347 5.92584811546 2.45196186021 
22.4508919006 6.408060193 2.91877171561 
22.5363878064 7.6822541829 3.29466545264 
23.8013873787 8.27008783499 3.72546499565 
23.5986913503 9.21073534774 4.90874245514 
23.8568436131 8.71218342883 6.11579645919 
23.6467651602 9.49661869135 7.3290107557 
24.688358808 10.6031262986 7.45851966396 
25.7655107063 10.4996067987 6.68314654324 
26.8060058436 11.5236669065 6.67754908471 
26.3178009165 12.8033858548 6.00671055575 
25.4314681208 12.6588586055 5.02400916423 
24.7973553208 13.8106653396 4.38949929742 
23.8669046554 14.5323794761 5.35874603262 
23.0662277071 13.7662245742 6.0963767438 
22.1834108354 14.3350373485 7.11050048648 
22.9797963775 15.0419521061 8.2023294855 
24.0160057588 14.3765799761 8.70802309046 
24.8131946973 14.919412948 9.80400791143 
25.5436688716 16.1891460099 9.37946768794 
25.8511429483 16.2949540829 8.08856090618 
26.5975982568 17.4376934317 7.57057266319 
25.8944286205 18.7509095387 7.89778037712 
24.581377764 18.6862884416 8.10729776887 
23.7707696417 19.8905060704 8.26265201329 
23.3045983691 20.060205836 9.70485009384 
23.8755285408 19.2698953162 10.6112848663 
23.5842942725 19.4036028874 12.0355971401 
24.8664459338 19.5265192672 12.8523147476 
25.2936047868 20.7614909217 13.1063940704 
26.5637057633 21.008254168 13.782642528 
26.667461906 20.2032016003 15.0738334494 
27.8096931475 19.550528933 15.2775542282 
28.0854716588 18.8646942461 16.5364972618 
27.3653416961 17.5219311049 16.6031977324 
26.7351251339 17.1295620776 15.4981865983 
26.0570718657 15.8389681746 15.4209097599 
26.7043218758 14.936776763 14.375363467 
27.0049511047 13.6989434569 14.7621020719 
27.6130428543 12.7374712213 13.8471397061 
26.5508168637 11.9288333175 13.1096916367 
26.9753199399 11.1663756503 12.1043899808 
26.0612553876 10.3105719056 11.3537592383 
25.2967615565 9.37160320231 12.2810865406 
26.0058419516 8.76767740526 13.2322198648 
25.3931732478 7.82064017044 14.1591061049 
24.3960942251 8.51586569739 15.0802705085 
24.7736124135 9.68614275059 15.5902779707 
23.8988481002 10.4558039291 16.4699197349 
22.6131179239 10.858745452 15.755367419 
22.7192043727 11.1539153395 14.4616145917 
21.5575814024 11.5426761956 13.6673491208 
20.6261639438 10.3576665078 13.4344059363 
21.2001060544 9.2122523955 13.0727528701 
20.4200121897 7.99427995303 12.8743662315 
19.6775731294 7.60050698725 14.1470704636 
20.3836436068 7.61325872932 15.2755552218 
19.7898091832 7.23491236009 16.5544513352 
18.6440229423 8.16912025424 16.929255911 
18.8708828186 9.47359805234 16.7912405272 
17.853617127 10.4668346327 17.12292136 
16.625547239 10.3187650232 16.2307505747 
16.8527212979 10.0752243891 14.9418534175 
15.7586352036 9.876630786 13.9958635836 
14.8846442349 8.69474316239 14.4024719961 
15.5199051826 7.58820641385 14.7822033852 
14.7934936213 6.40577350343 15.2355677229 
13.9469871764 6.71561495673 16.4658010674 
14.4307601181 7.62765913679 17.3062266321 
13.7293897712 7.98375028849 18.5361206498 
12.5261841673 8.87536862089 18.2473958791 
12.7042090634 9.84217039933 17.349744815 
11.6417880674 10.788755449 17.0232498875 
10.5035658494 10.1044178698 16.2734624313 
10.8050905294 8.97458523352 15.6372729494 
9.79314977046 8.20912200418 14.9151908823 
8.90350458484 7.42625396671 15.8752419481 
9.47659699097 6.98884189123 16.9943539825 
8.72652146432 6.23462955576 17.9943094936 
9.17459556848 6.59336726712 19.4073154458 
8.51429186941 7.58107041682 20.007829799 
8.86055625993 8.02548385241 21.3546624675 
9.00074022569 6.84289838437 22.3074945806 
10.2336484914 6.55161889233 22.7164804497 
10.4982558515 5.42817219921 23.6104664896 
9.80830537207 5.61955289227 24.9570884616 
