rmsd: 0.0503359914345
300
10.1081695787 -8.22960542501 33.3700156463 
9.59557967822 -7.7174545206 32.1026113651 
8.45840891862 -8.58625378867 31.5752789609 
7.4746271969 -7.95553561774 30.9376708616 
6.41707139366 -8.68756178041 30.2469654346 
6.1586909935 -8.10738897616 28.8603551594 
6.00846972224 -8.98218551682 27.8682157753 
5.56886817774 -8.56523143781 26.5399611518 
4.31212575112 -9.31648660023 26.1130382977 
3.33474180886 -8.5861687847 25.5805606051 
2.06810547397 -9.1850387684 25.1702586377 
1.62427422012 -8.65995148817 23.8088820786 
1.33960117922 -9.573301027 22.8831770203 
0.87911307492 -9.19483702821 21.5504819036 
-0.503617803738 -8.55366967463 21.6053336235 
-0.670184229445 -7.43783634301 20.8986883255 
-1.97416494891 -6.79128262128 20.7848325619 
-2.99750368693 -7.72138285505 20.1416060453 
-4.20764693937 -7.74826737027 20.695687724 
-5.39269553769 -8.12069932172 19.9286708873 
-5.87333209644 -6.96408444787 19.0584528104 
-6.29037149301 -7.27514620512 17.8330978821 
-6.67638852907 -6.24654072247 16.8716811277 
-8.08523401231 -6.48837198417 16.3399659648 
-8.97509489494 -5.52125563221 16.5521204997 
-10.3346023102 -5.60307886312 16.0263780595 
-10.6543987365 -4.40847791416 15.1337931684 
-11.1849719113 -4.68058320496 13.9435718477 
-11.4969676479 -3.62457106647 12.9850012503 
-12.9738071912 -3.64263215722 12.6046491372 
-13.6559711666 -2.51906216902 12.815406741 
-15.1115625924 -2.47630756166 12.7115500544 
-15.6016799078 -1.06660565883 12.3975842415 
-16.8524501825 -0.956586107549 11.9552660373 
-17.4404610612 0.341179252071 11.6368184835 
-18.595383555 0.669909217527 12.5771054676 
-18.7452906204 1.95009635759 12.9100089573 
-19.8557605578 2.39907539807 13.7446555329 
-20.4048310405 3.73702416835 13.2604410531 
-21.7240779039 3.89979600696 13.3330290496 
-22.3409769789 5.21696835109 13.2071199 
-22.701501292 5.79085636776 14.5734008862 
-22.1948518887 6.98589635699 14.8689711513 
-22.5724595295 7.69765040505 16.0864189783 
-24.0729213092 7.96813374244 16.1251769587 
-24.7164458718 7.59339657194 17.2286370467 
-26.1733708994 7.62953584174 17.31479959 
-26.7049243488 9.04161576808 17.092245818 
-25.9090758787 10.0420447718 17.4636525986 
-26.3396243706 11.4344860643 17.3794159689 
-26.1327900114 11.9925378401 15.975191367 
-25.467181464 11.2193194294 15.1200454576 
-25.2000483843 11.6466379589 13.7498632219 
-25.0991805351 10.4511416221 12.8082352938 
-26.2397871567 9.83572336373 12.5041746461 
-26.2668558948 8.43830628315 12.0824480131 
-25.7960972291 8.28763108694 10.6396270841 
-25.8383449248 9.38206879041 9.88292554396 
-25.3833341177 9.37170438637 8.49576358107 
-23.8637390678 9.27096670262 8.41371619999 
-23.1824903222 9.67129523373 9.48507663846 
-21.7280755544 9.56360388411 9.55171613905 
-21.2954164511 8.14865762723 9.92155686129 
-20.1241298904 7.73964217346 9.43888707087 
-19.6334970926 6.38371270758 9.66713103671 
-18.1466473426 6.38424303495 10.0067286061 
-17.7690082341 5.61478860665 11.0253082848 
-16.4050029302 5.64736141622 11.5447205583 
-15.707798362 4.30491474906 11.3503196706 
-14.5086321 4.33567387765 10.7730587872 
-13.6356713344 3.16559055551 10.7587379031 
-12.8116370615 3.07561976399 12.0389416928 
-12.9302075387 1.95321057554 12.7448557322 
-12.2881210254 1.79609149571 14.0465465829 
-11.2608914061 0.669013831089 14.0232181344 
-10.0736327718 0.935184470582 14.5633533966 
-9.13885033103 -0.128194013578 14.9193991162 
-8.86626474689 -0.144403152356 16.4198934789 
-9.35643050753 -1.17702539574 17.1022458841 
-9.15724671621 -1.30663915849 18.5426925706 
-8.03211940759 -2.28658162187 18.8586835153 
-6.90696289139 -1.76444124845 19.3419724764 
-5.73589767549 -2.59143468154 19.6177417431 
-5.49713208161 -2.72806337841 21.1178659245 
-5.6210783399 -3.95019865288 21.630894843 
-5.9194421127 -4.16042439925 23.0444523273 
-4.87405420308 -5.05498298027 23.7024629905 
-4.51082942527 -4.73267482782 24.9419633701 
-3.9155265369 -5.71347493311 25.8447403034 
-2.41947861327 -5.86309080241 25.5888014999 
-1.78884433819 -4.79446881937 25.1065946523 
-0.432643737837 -4.88181962384 24.5732557964 
0.590929080655 -4.3671879046 25.5799840855 
1.7878984731 -4.94951269739 25.5615970081 
2.95646800403 -4.31665698904 26.1659970996 
4.25037759986 -4.87336765078 25.5812576993 
5.22412897245 -3.99576127649 25.3493282024 
5.18473253727 -2.64488433089 25.9015418979 
4.32966898059 -1.72099226863 25.0405315956 
4.27298212764 -0.444293447681 25.4133622497 
3.30728608117 0.481680771049 24.8290990737 
3.74504658644 0.932030397066 23.439278969 
5.04613075189 0.849797171793 23.1698468506 
5.57907834622 1.19575559788 21.8554495758 
4.84310093141 0.449867035264 20.7472815081 
4.29704937239 1.19581867146 19.7893880763 
3.40888148341 0.620405213927 18.7836954192 
3.312340572 1.51739939266 17.5540083594 
3.10162032195 0.908729607757 16.3889787269 
2.7111709118 1.6536593546 15.1956684164 
1.39021400894 1.14054784024 14.631896828 
0.436130884008 2.04742306434 14.4332043671 
-0.897182144812 1.66810947633 13.9752107691 
-1.38635785648 2.59736191525 12.8692062496 
-1.77799782088 2.0186371873 11.7361255804 
-2.35357616289 2.79272929771 10.6402918596 
-3.68868720178 2.20727893566 10.1922122275 
-4.60758997536 3.07447465663 9.77296856379 
-5.72761969533 2.6574811109 8.93451142361 
-5.34988523749 2.68005863794 7.45706230302 
-5.7705050662 1.65441954615 6.71996028267 
-5.46334099962 1.5582135382 5.29596758362 
-6.73129527338 1.62955049796 4.45142512339 
-6.67962129331 2.3967111103 3.36470051706 
-7.68013613182 2.29357489434 2.30654478863 
-7.0585881991 1.79720742099 1.00525832208 
-7.5041458403 0.632307000061 0.539789340276 
-6.8863134302 -0.0187657853343 -0.611621927604 
-5.37084343424 -0.0926786866883 -0.456907533823 
-4.91187432769 -0.441777272946 0.742948087338 
-3.50553951984 -0.768559869854 0.959272171294 
-2.69225042782 0.479820875892 1.28508705085 
-3.31138603072 1.64877088683 1.13541089217 
-2.60981140829 2.91575056971 1.31957413235 
-2.94075568644 3.53885278377 2.67170892033 
-1.90897620351 3.95018211766 3.40547676716 
-2.09819658627 4.56204842829 4.71741267695 
-3.02933812562 5.76717817143 4.63564040047 
-4.03002642403 5.80612064158 5.51272784696 
-4.84877976637 7.00215203996 5.68740590852 
-4.16942769938 8.00618623027 6.61284909049 
-3.86890984955 9.19140790691 6.08643235963 
-3.03096131212 10.1537916996 6.79567156535 
-3.82954859338 10.9062814754 7.85494795084 
-5.08917080121 11.2078064588 7.54735966553 
-5.95381519703 11.9259693364 8.47902093269 
-6.77448148553 10.9601035963 9.3273482188 
-6.28235533356 10.6559626694 10.5263003123 
-7.0572293635 9.89382257795 11.5010173407 
-7.35128341665 10.7257822383 12.744972447 
-8.62403797731 11.0565479123 12.9520131981 
-8.99294573678 12.1927515063 13.7912444086 
-8.93610617114 11.8278547671 15.2709972943 
-9.00340059977 10.5316691927 15.5668864494 
-9.09309393998 10.0652284342 16.9473750188 
-8.03440344172 9.0079503901 17.2429871561 
-7.26667594121 9.21724117224 18.3102115134 
-6.31740439558 8.21217497202 18.7793447914 
-6.26913316412 8.16675581194 20.3030429102 
-7.03777451265 7.25550624042 20.8954875668 
-7.27583043897 7.27432658156 22.3357430085 
-6.52519904561 6.14539103097 23.0343888438 
-5.51732994735 6.50279064436 23.8272579203 
-4.66991821877 5.51087570327 24.4825125873 
-4.92845641791 5.46968615883 25.9850139651 
-5.08932174932 4.26490078496 26.5279601166 
-5.22565787532 4.08737126525 27.9706161037 
-4.47313666406 2.84981454511 28.4483337613 
-4.36732095409 2.68978187009 29.7656676422 
-3.77675708774 1.48724420293 30.345752158 
-4.6159919774 0.964844508324 31.5071445673 
-4.5591010292 -0.344589153408 31.7402172617 
-5.27380478717 -0.955083475332 32.8572919181 
-4.36795790562 -1.10885104835 34.0746028603 
-4.76097235955 -1.97905151212 35.0022163397 
-4.10016003523 -2.06386756087 36.3012520885 
-2.78528806695 -2.8303604822 36.2030213505 
-2.69292362301 -3.73002574113 35.2261655747 
-1.47323480285 -4.50261899056 35.0097876193 
-0.648782834737 -3.92394473399 33.8645959208 
-0.938904004573 -2.67905008554 33.4927854901 
-0.0621543059331 -1.92131026172 32.6048097629 
-0.110916054109 -2.46823659261 31.1819454511 
-1.10410782842 -3.30922864417 30.9018054076 
-1.57685156239 -3.50736625204 29.5348323219 
-2.11185447249 -2.20813048742 28.941698877 
-1.83813612457 -1.98313992215 27.6584867017 
-2.26473640097 -0.758446365844 26.9880402355 
-3.4249979819 -1.02597157182 26.0350070266 
-4.25459170786 -0.0098758898828 25.8080713742 
-5.38587251951 -0.134758312891 24.8937581498 
-5.52724897398 1.10545159673 24.0174356934 
-5.5869111074 0.901405954228 22.7032889052 
-5.64944435634 2.01233508038 21.7581504835 
-6.88778700841 1.91550446658 20.8731757508 
-7.71858269636 2.95540096724 20.8970455675 
-8.77226900753 3.11648924322 19.8994703614 
-8.38169836436 4.1469014402 18.8450727864 
-8.11500150988 3.67991417363 17.6272995497 
-7.70645164459 4.56498234179 16.5405144228 
-8.74824590181 4.58946136801 15.4269101519 
-9.43251132426 5.72155010009 15.2774715034 
-10.6861752087 5.76541263468 14.5306358389 
-10.848565836 7.09521157522 13.8017236143 
-11.5904389276 7.0808356913 12.6964663478 
-11.8105444325 8.28863712771 11.9064474723 
-13.017635194 8.13484125586 10.9870304327 
-13.6558332416 9.25382710301 10.651247912 
-14.7639876438 9.24734117929 9.70082047113 
-14.3329039503 8.6767195806 8.35374704717 
-15.1620158511 7.80446932084 7.78459951312 
-14.9224203585 7.28471865211 6.44153815601 
-16.225101903 7.15468517692 5.65913093581 
-16.1140984804 6.9807811876 4.34398394097 
-17.2868466184 6.79382442631 3.49482580435 
-17.1231936263 5.57955158352 2.58663632483 
-17.3138305675 4.38740137391 3.14753864227 
-17.0143763746 3.14917282544 2.43446233863 
-17.8882344584 3.0014685433 1.19325145258 
-17.2933010717 2.52964010421 0.0998127644427 
-18.0550892019 1.90185424989 -0.975791406426 
-17.8149788133 0.3962911704 -1.01672775026 
-18.5460163522 -0.299110413404 -1.88516124186 
-18.4686772978 -1.75516696023 -1.95781500849 
-17.1599731623 -2.20750243619 -2.59713892657 
-16.5084387867 -1.30157874962 -3.32307363915 
-15.2964433606 -1.64105761236 -4.06279098753 
-14.0495067475 -1.41117739224 -3.21523382921 
-14.1486880661 -0.505175987818 -2.24492434427 
-12.9943126843 -0.115253531015 -1.44072379569 
-12.7391514097 -1.11650957959 -0.318927014445 
-11.4654971803 -1.38377800452 -0.0386620180767 
-11.0941923825 -2.30889360203 1.02794683484 
-10.3529015964 -1.58935815263 2.14991193084 
-10.8834060698 -1.68077602684 3.36744375847 
-10.2846376158 -1.0071376412 4.51594200864 
-9.633935415 -2.00758776492 5.46553937863 
-8.60340069199 -1.56387432077 6.18198375156 
-7.86081334831 -2.44274720969 7.08059771142 
-7.14177938265 -1.64523829212 8.16365756752 
-6.64810991631 -2.34095464001 9.18563858331 
-5.72495566084 -1.74170599944 10.1448298333 
-4.38988491152 -2.47884405901 10.1610330658 
-3.2946737947 -1.72769274604 10.0690532312 
-1.9586711236 -2.31571595924 10.0952473191 
-1.23686891729 -1.98889951225 11.3984132925 
-0.810029900175 -3.02455880766 12.1177145177 
-0.144334534188 -2.84085772584 13.4039742734 
1.27392788516 -3.40107488084 13.3768188248 
2.23584374111 -2.60744289399 13.8426966316 
3.57740975306 -3.11212281254 14.1199318785 
3.91056293384 -3.0085548693 15.6046310428 
4.45685644379 -4.08391822561 16.1679542433 
4.90643502332 -4.07561770078 17.5569001634 
5.97660398992 -5.13532294609 17.7973417265 
6.75863689355 -4.96027081254 18.8603362061 
7.93223489263 -5.79675921129 19.0933929846 
7.57729165045 -7.27833576486 19.022716397 
6.34962788491 -7.61498201732 19.4121864918 
5.93258715989 -9.01079910676 19.5077493151 
5.56839041755 -9.5734258974 18.137763623 
5.50167456491 -8.70045648121 17.1349429168 
5.07137334835 -9.10103365009 15.7986273247 
6.23078777197 -9.0570643289 14.8087415422 
6.63188558768 -10.224526482 14.3104157063 
7.80876636689 -10.3269655432 13.452617107 
7.58044358464 -9.6287804353 12.1160336897 
6.33602388509 -9.64155959802 11.6433474516 
5.92939260699 -8.78314725627 10.534681667 
4.65764188403 -8.0115367146 10.8713064431 
4.4800216483 -6.8532568741 10.23963023 
3.25801579887 -6.07145367349 10.4034778 
2.01858481171 -6.95160138052 10.2801902858 
1.0902388851 -6.80690040773 11.2232764135 
-0.193276107135 -7.49831704405 11.1465114058 
-1.24733433608 -6.63207205817 10.4648737867 
-1.84559930014 -7.15389644339 9.3962511596 
-2.93181925307 -6.45921448733 8.71148568114 
-4.2676134752 -7.15726563766 8.94478239553 
-5.20543070892 -6.45189227303 9.5733706773 
-6.54262496614 -6.99048711947 9.80399521317 
-7.59157475637 -6.22624239079 9.00294384056 
-8.3189397155 -6.93764123383 8.14444056292 
-9.27549566494 -6.30334584782 7.24220409413 
-10.5414794046 -5.88671141249 7.9836552978 
-11.14523843 -4.78060373769 7.55449702113 
-12.5720114146 -4.55567216453 7.76682978949 
-13.4128985302 -5.46012911642 6.87189099252 
-14.0122414766 -6.49111777848 7.46352127111 
-14.8269082762 -7.43896465171 6.70902483154 
-16.1485982218 -6.81118611562 6.27881701375 
-16.6456996249 -7.21318306121 5.11114213339 
-17.9092838031 -6.69298695689 4.59722423698 
-19.0626813671 -7.00990299654 5.54342043881 
-19.5754552671 -5.9846884344 6.22030595684 
-20.6932502961 -6.15898257972 7.14308241444 
-20.2985944904 -5.77955579898 8.56657497938 
-19.0013940253 -5.58252147394 8.79157365381 
-18.4847483569 -5.34773545031 10.1366808403 
-18.4044565984 -3.8562303952 10.4449256673 
