rmsd: 0.0396232825631
1539
3.86083053783 14.9305669603 11.094932855 
3.00734624247 15.5223935267 12.120928196 
3.37776778175 15.0117515483 13.5094819842 
4.1166460572 15.822522795 14.2637265434 
4.50872493269 15.4585115908 15.6220823751 
3.28858932691 15.2730338784 16.5181382279 
3.45944262693 14.5295162501 17.609085826 
2.3802751735 14.3206413089 18.5698820757 
2.36686341154 15.4151239368 19.6319446309 
1.98131509208 16.6254857949 19.2337579395 
1.99367417101 17.7696777263 20.1404180985 
0.976319575177 17.5956160674 21.2632453935 
1.39525768428 17.879299314 22.4945823302 
0.48143298275 17.8793154517 23.6331274463 
0.454335618512 19.2409910674 24.3195341914 
-0.720223372491 19.6403085812 24.8023723375 
-0.92531579318 21.0016340502 25.2882639233 
-0.239333162117 21.217201986 26.6332573301 
0.290736403103 22.4199425049 26.8444858217 
0.705887913386 22.8503976289 28.1762959344 
-0.499056536008 23.187805074 29.0482558299 
-0.314340163112 23.1316601495 30.3654132178 
-1.34129926351 23.5779810973 31.302169955 
-1.88774718082 24.9472089658 30.9114543459 
-3.18329502368 25.1563731017 31.1350211748 
-3.85744775983 26.3609531686 30.6597680656 
-3.3493427657 27.6015640293 31.386928967 
-3.52187647021 28.7668111549 30.7667618664 
-3.24307678615 30.0364086331 31.4314072954 
-3.99119039237 30.1422051546 32.756240152 
-5.22428533692 29.6413536037 32.7845342728 
-6.06335181657 29.739658156 33.9751913286 
-5.51761913932 28.876797607 35.1081946328 
-4.95147908526 27.7239493397 34.7580485388 
-4.34895688485 26.8353708739 35.7473694549 
-3.0713438958 27.4363609865 36.3240538612 
-2.30847735196 28.1310029731 35.4828148212 
-1.04077388953 28.7184797096 35.9060872897 
-1.26335935084 30.0138438184 36.6797387018 
-2.26095096203 30.791015757 36.2638171577 
-2.4804769877 32.1208056944 36.8249121703 
-3.93852404968 32.3167317039 37.2271070656 
-4.33418070735 31.7094235587 38.3437129055 
-5.69370019091 31.8569418221 38.8548936004 
-6.03071867626 33.3217872859 39.1131478883 
-7.23408047055 33.7334314159 38.7198979956 
-7.70663283854 35.0876817889 38.9920390506 
-7.1812484067 36.0747991529 37.9549182871 
-6.35618145585 35.5849748199 37.03214387 
-5.8288416506 36.4192701957 35.9564001631 
-6.62824909105 36.2334771571 34.670912839 
-6.73734958802 37.2982020852 33.8793107391 
-7.2471384405 37.1892502143 32.5156372509 
-6.26059581519 37.7719164022 31.5090177937 
-6.2088077402 37.1815089162 30.3169972524 
-5.48509409074 37.777904605 29.1981088294 
-6.27414749593 38.9273003384 28.5797778972 
-5.6334059209 40.0870778812 28.4511611765 
-6.27167098724 41.2510184674 27.8435259373 
-5.41029123108 41.8336944299 26.7279262743 
-5.98171210515 42.754315601 25.9545500272 
-5.21525889007 43.5056578918 24.9649062538 
-5.56865533135 44.9888121518 25.002501012 
-4.54995800858 45.8443386602 24.9524397137 
-4.76039585579 47.2739259409 24.7442170293 
-4.74779915856 47.6235655727 23.25974998 
-5.86542019204 48.1493571193 22.7631188786 
-5.97552721927 48.525106158 21.3566873413 
-5.44450894096 49.9348274709 21.1184555686 
-4.44780140704 50.0550279724 20.2442119487 
-3.98025144231 51.3617648054 19.7912258048 
-3.88382146398 51.4169962632 18.2701407596 
-3.98510285557 52.6209290317 17.7111560153 
-3.94797244916 52.7979112109 16.2624810317 
-2.59684800516 53.3389464916 15.8066383705 
-1.94396058827 52.618652645 14.897193061 
-0.793336774556 53.1560414958 14.1770273652 
-1.221080314 54.2081408069 13.1591022826 
-0.930196118056 55.4733874642 13.4535734293 
-1.58125227266 56.5874576504 12.770686857 
-1.26093291948 56.5843790334 11.2795681482 
0.00159707365914 56.3295322518 10.943046069 
0.455403084369 56.4081987049 9.55768248475 
-0.308883473979 55.4316259366 8.66986456742 
-0.575066322763 54.2363999181 9.19212640894 
-1.099323925 53.1444244325 8.37720060126 
-2.59212844726 52.9439536699 8.61677334955 
-3.0577074242 53.3109918234 9.80870253603 
-4.43054776136 53.0257633184 10.2152916109 
-4.56032103673 51.609781744 10.7668385696 
-3.4290389116 50.9247189607 10.9187125696 
-3.4220153225 49.568516873 11.4591079188 
-3.77476760403 49.5633984051 12.9428830361 
-4.67348353231 48.6640389542 13.3373931551 
-5.05027130065 48.5230228531 14.7407840499 
-4.21265304765 47.4526137133 15.4326430713 
-3.46861591246 47.852539398 16.4615474224 
-2.61104029399 46.9244033816 17.1926343945 
-3.27322560762 46.4632599169 18.4868160992 
-3.19441462407 45.1637932111 18.7649367295 
-3.72994595428 44.6127472871 20.0062727642 
-2.61095913587 44.1435641162 20.9302774298 
-2.18338974546 45.0182279549 21.8382000923 
-0.979086819032 44.7758257568 22.6270322689 
-1.30655669512 44.0431923371 23.9239751058 
-0.715069329531 42.8646992213 24.1069304224 
-1.14441741802 41.9477406406 25.1586945344 
-0.772698712111 42.4781502909 26.5394695978 
-1.63374289834 42.229242593 27.5237580936 
-1.21881962998 42.2346406637 28.9234616726 
-2.10028793195 41.3170450774 29.7643427238 
-1.7001729754 41.0888162419 31.0133405603 
-2.51776061316 40.3257323896 31.9517509482 
-3.21793863624 41.2442314668 32.9478228084 
-4.41641413298 40.8537405564 33.3760158822 
-5.10685029608 41.5494364926 34.4579889114 
-5.36508078857 40.6177063249 35.6374993508 
-4.80462468122 40.9562423422 36.7965758333 
-5.04780123695 40.1921461496 38.0165687588 
-6.24471590596 40.7435883573 38.7842638393 
-7.31248960378 39.9530858658 38.8687689682 
-8.54870822139 40.4015122703 39.5028335205 
-8.49125127723 40.2185545127 41.0158682617 
-8.64823970311 41.3152944811 41.7539008161 
-8.39146842103 41.314146332 43.1910604305 
-9.67447934755 41.5489328658 43.9815079086 
-9.61010140322 41.3418422075 45.2949556293 
-10.7741032817 41.5252567589 46.1568252809 
-10.624788946 42.7669289504 47.0297538962 
-11.6265500973 43.0298620278 47.8661250864 
-11.495076136 44.0201227227 48.9307653638 
-11.3823209291 45.4307721249 48.3620796007 
-11.9841436699 45.6514820527 47.195343773 
-12.1007800399 46.9950276873 46.6362000956 
-10.7773986539 47.461255247 46.0384187482 
-9.8407318399 46.5306078857 45.8689290901 
-8.61978957446 46.8015663705 45.1157743578 
-8.88871429321 46.8163960844 43.6146052984 
-8.37482056048 47.8348421999 42.9284152979 
-8.35887798142 47.8438817103 41.4686123358 
-7.57914871321 46.6546482675 40.9174362691 
-8.07290709871 46.0741211379 39.8259387271 
-7.3515434827 45.0121864193 39.1307482827 
-5.92836997014 45.4422884607 38.7906918801 
-4.97988489082 44.5176861658 38.9235926939 
-3.57271846987 44.8246784439 38.6848481192 
-3.13135335456 44.3534423504 37.3031164706 
-2.65871525874 45.286408512 36.4794883098 
-2.25330364952 44.9676253344 35.1136994243 
-0.75400962424 44.7006444653 35.0307077918 
-0.382238376762 43.5853378689 34.4061653104 
1.02057183426 43.1922675742 34.3114033876 
1.39533203407 42.8236231761 32.8797242792 
2.69545243051 42.7186416931 32.6135630165 
3.17626242753 42.2720981044 31.3094230175 
2.75832773953 40.8321780505 31.0301206647 
2.67783710933 40.4738489899 29.7505513941 
2.22224485861 39.144419091 29.3550613035 
2.94583268979 38.6627635765 28.1018743321 
3.74918649963 37.6111101328 28.2461784073 
4.50292854436 37.0636068197 27.1221349833 
3.89284044985 35.7539468196 26.6336350647 
2.82218807586 35.3147243637 27.2916343838 
2.33009097448 33.9499337008 27.1287004834 
1.85734935902 33.7001305223 25.7003578403 
1.36204882169 34.7482918841 25.0459794231 
0.932933144983 34.6488267382 23.6541004817 
-0.457589798728 34.0314450415 23.5476356856 
-0.947229518075 33.8769660357 22.3193990808 
-2.27393118776 33.312709956 22.0895331996 
-2.37293265709 31.8930798845 22.6380750292 
-3.51663829006 31.5645523736 23.2348857827 
-3.66215932208 30.3150455112 23.975774976 
-4.52525417594 29.3168611624 23.2110892573 
-4.28457894541 28.0271755455 23.4368378309 
-5.17294643548 26.9832587842 22.9344420061 
-5.15211181279 26.9265726768 21.4104992338 
-4.005028667 27.2527214973 20.8188885687 
-3.84951354033 27.1990953601 19.3682680636 
-3.19836638148 25.8912334001 18.930599878 
-3.86351334417 25.1668320248 18.0333829919 
-3.31821142039 23.923152135 17.4974103146 
-1.9492593844 24.148113158 16.8638396152 
-0.932824749203 23.4651920676 17.3860037584 
0.439848430836 23.6694153252 16.9327689754 
0.604771873787 23.2656003302 15.4713372537 
-0.286851538224 22.4030536024 14.9884326991 
-0.263779928909 21.979847917 13.591391105 
-0.696128685578 23.111141661 12.6644078328 
-1.46590074977 24.0566369573 13.1988847633 
-1.96502546557 25.176303335 12.4060529477 
-1.09199963656 26.4136983019 12.5869633329 
-0.64590796629 26.6519106302 13.8183987083 
0.274808414813 27.7492958873 14.1001566003 
-0.478502143817 29.0122113085 14.5046523491 
0.258205207815 30.0259479455 14.9538475006 
-0.352971605987 31.2543252891 15.4527588864 
-0.799269462369 32.1546387181 14.3054564317 
-1.72813633726 33.0646938811 14.5903808155 
-2.1626759545 34.0497101958 13.6043388549 
-0.998818163079 34.9216489708 13.1447664626 
-0.976993272701 35.2532857499 11.8556905546 
0.0868406675758 36.0819799851 11.2963304033 
-0.207591228645 37.5654850773 11.4927266084 
-0.0801330268488 38.0382849992 12.7306242681 
-0.638067039805 39.3306587784 13.1177162715 
0.0627544583603 40.4744542695 12.3920234496 
1.3022394632 40.238615982 11.9674846406 
2.14677584382 41.3061151046 11.4396925494 
1.99348868859 41.4351713198 9.92777439332 
1.18882470518 40.5561746528 9.33443072539 
1.13100082916 40.4307784445 7.88105783549 
0.920317905433 41.7877855652 7.21758715061 
-0.130872506552 42.493792013 7.6283542243 
-0.533939686757 43.7268053336 6.95859638269 
0.539477841375 44.8023772188 7.0888611107 
1.25206171489 44.7983010479 8.21330923459 
2.34402469021 45.7425296607 8.43104704392 
3.47451286455 45.519479929 7.43190027074 
3.88299882579 44.2632788811 7.26675148209 
4.96873126049 43.9254541103 6.35109867056 
4.55749207277 44.150667267 4.89981980905 
3.33112439458 43.7585570097 4.5615184057 
2.81968474852 43.92961168 3.2048569317 
2.78822415354 45.4018845924 2.80802992686 
2.31905162853 46.2530937377 3.7176980576 
2.22248237437 47.6847347822 3.44855336473 
3.5976898371 48.2926534467 3.1930376093 
4.56070615418 47.9674477828 4.052698487 
5.91303368068 48.5026551232 3.92571844492 
6.56017999831 48.0633501335 2.61642025918 
6.31048519174 46.8178698687 2.21816482742 
6.82365726318 46.301375609 0.952760278698 
6.24451867926 47.0675289694 -0.231999823011 
4.9489767161 47.3674327452 -0.170317387246 
4.2729875907 48.0689796226 -1.25762196648 
4.75948717577 49.5099182582 -1.37191532406 
5.03057803205 50.1384014205 -0.230120842608 
5.61381157967 51.4766445071 -0.212666990309 
7.01846697431 51.4747143208 -0.806795315307 
7.75675848847 50.3895279535 -0.58437192655 
9.11861834911 50.271864773 -1.09706448825 
10.1344335806 50.8104752132 -0.0950329625366 
11.2341938776 50.0826274252 0.0864632145599 
12.302410424 50.5194755726 0.980575999938 
13.6114066447 49.8013512858 0.669327911343 
14.729524246 50.5045155445 0.835306916582 
16.0412174028 49.9395035415 0.532679974616 
16.4709426053 48.9384157561 1.60001706569 
16.0774106689 49.1921218349 2.84618792734 
16.3992206933 48.2912411525 3.94900834385 
15.2075762289 48.1158320175 4.88456383408 
15.1723749786 46.9928825751 5.59865164195 
13.9353137325 46.509647906 6.20488946236 
14.0134974257 46.5511017427 7.72745895462 
15.0738941163 47.1614280435 8.25208895809 
15.3807992524 47.073415272 9.67666733651 
14.6432794248 48.1485718397 10.4679648964 
14.3429156277 47.8561958122 11.7314813479 
13.7580507468 48.8484001725 12.6286012647 
14.6818429091 50.0496109143 12.8010824646 
15.9897233371 49.8033924759 12.7694400531 
16.9735338746 50.8773684134 12.869705096 
16.9117253383 51.7981031922 11.6554250041 
16.8248167685 51.2078697569 10.4653630866 
16.663918591 51.9808757884 9.23738343745 
15.4440952561 52.8930610917 9.31483002255 
14.2968826827 52.3225685219 9.67624047453 
13.0610234222 53.0917759546 9.7872917274 
13.1881863779 54.193080761 10.834672401 
13.7483758467 53.8506120747 11.9927220257 
13.9067045048 54.8115540695 13.0803263129 
14.7436600784 56.0088126787 12.6420043308 
15.8063007171 55.7461536738 11.88438893 
16.7223351794 56.8001919581 11.4586604647 
16.0746063343 57.7077793467 10.4180926174 
15.0838700346 57.1797916932 9.70265806593 
14.3259706291 57.9748646756 8.74098867853 
13.2894231778 58.8475686456 9.44099305807 
13.0986029766 58.6194126049 10.7385709738 
12.1127950301 59.3697578249 11.5109214837 
10.7560003225 58.6733162676 11.4996854602 
10.739055087 57.4108120269 11.0778183286 
9.49418186453 56.6554237173 10.9727482164 
9.20030512048 55.8932055564 12.2606569492 
8.01389569099 56.1117823895 12.8235359852 
7.50247018722 55.2546285141 13.8889428347 
6.69530715166 54.091250262 13.3222966965 
7.26258396111 52.8884682524 13.3830291778 
6.62637504828 51.7116099304 12.7985608075 
5.58742415052 51.1183833959 13.7444531272 
4.78823165629 50.1818374202 13.2381439647 
3.87958171477 49.4123785714 14.0829214092 
4.62662086358 48.7448572105 15.2328765007 
5.79118708006 48.1736142873 14.9334720487 
6.59827388579 47.5029864136 15.9484743689 
6.97229236711 48.4585330619 17.0767871571 
7.39643416971 49.6677133934 16.7160065689 
7.79664984551 50.6649933343 17.7042477839 
6.61840380193 51.0786639628 18.5798400642 
5.47162082993 51.33177582 17.9529435986 
4.26446543953 51.7028233619 18.6853779998 
3.80384817862 50.5723976114 19.5997183801 
3.87039268837 49.3397897338 19.101295243 
3.49993767939 48.1719695057 19.8952219198 
4.37093856232 48.0524929854 21.141469003 
5.68155217635 48.2089065559 20.968256055 
6.61466160094 48.1471705655 22.0893519636 
6.38162362218 49.2953895892 23.065740894 
6.21171004179 50.5036032661 22.5332701797 
5.93943550818 51.674111022 23.3622084997 
4.71234266186 51.4551354778 24.2410383054 
3.6366897471 50.9461190655 23.6443398269 
2.42317488606 50.6314137142 24.3924726967 
2.69095590738 49.5763728578 25.4607568749 
3.45338378706 48.5460612271 25.1011214382 
3.73500883672 47.4453411881 26.01788929 
4.58112943212 47.9120742937 27.197842304 
5.38254964066 48.9525376141 26.9802700081 
6.32211310297 49.4204881246 27.9949637486 
5.78995255112 50.6567931237 28.712183426 
4.6124494591 51.1221432439 28.3009514845 
4.02704523854 52.3328839521 28.8690794655 
4.95768524518 53.5290178323 28.698135357 
5.58223869983 53.6340171193 27.5272023497 
6.4243852453 54.7833524249 27.2091172697 
6.0659986273 55.3707928915 25.8480435392 
6.63281400723 56.5337607986 25.5343526919 
6.27610063776 57.2553950895 24.3164199807 
6.85234720398 56.5720023458 23.0807164474 
6.07146256794 56.5346803628 22.0032183127 
6.5215636537 55.93179286 20.7521003173 
7.78126193926 56.6158170374 20.2312163344 
7.83769953425 57.9391777271 20.3642849573 
8.9914004733 58.7063379025 19.9040676441 
10.2490945006 58.3323115125 20.6814729197 
10.0857472757 58.032475065 21.968170928 
11.2026848468 57.5941774366 22.7998597027 
11.7363260652 56.2415373062 22.3398154688 
10.8286803591 55.319172384 22.0274083659 
11.2099399703 54.0377898928 21.4408415862 
11.9937601036 54.2338988643 20.147312986 
11.4651935324 55.065151717 19.2518734011 
12.1325832718 55.3511540888 17.9853213311 
13.5433390117 55.8842734353 18.2124798092 
13.6819171969 56.8195455203 19.1496234422 
14.9790718017 57.4205907767 19.4454191452 
15.9724287251 56.3745756143 19.9405385976 
15.5280032644 55.5206750591 20.8600579433 
16.394297646 54.4962067954 21.4356961874 
16.8796276472 53.5201912075 20.3689734814 
15.9849635267 53.1401271968 19.4594112599 
16.3439741841 52.2539958399 18.3561238391 
17.3152789391 52.9329225618 17.3960850123 
17.0354956611 54.1894359525 17.056863268 
17.8580435749 54.9257359517 16.1015424801 
19.2885171947 55.0794419261 16.6076735559 
19.4382714126 55.2824443199 17.9147847515 
20.7429753295 55.5789084556 18.4989228108 
21.5013729507 54.2990545834 18.8348634061 
20.8259875154 53.1583119372 18.7134685783 
21.4865435912 51.861537915 18.8292415152 
21.458623389 51.3539239831 20.2671558131 
20.6541849274 51.9982009643 21.109748187 
20.6378526248 51.6926848978 22.5372473134 
19.4927217365 50.7479336812 22.8867746465 
18.6495210808 50.4456071352 21.9019968598 
17.6400785686 49.4016262056 22.0519641902 
17.3476688628 48.7205654918 20.7190343956 
16.953685448 47.4501647712 20.7741257154 
16.6225996853 46.6983189068 19.5672824858 
15.2169631753 46.1123054828 19.6498853796 
14.5570602775 45.9854590675 18.5007056166 
13.3017499346 45.2448752554 18.4164908494 
13.4177913171 44.0691354676 17.4520120687 
13.874066636 42.9262454947 17.9597436108 
14.1412046414 41.7659163913 17.1149748705 
12.8613491602 41.2481987938 16.4669105175 
12.7364663067 41.4455685687 15.1563284254 
11.4502609421 41.3049472091 14.4801169493 
11.6360176114 41.0339254068 12.9907913933 
12.2226695851 39.8844393572 12.6641459296 
12.3262916315 39.4453025616 11.2757000671 
10.9746568369 39.5135871843 10.5725147703 
10.9616947107 40.0656114563 9.36120260497 
9.71489829105 40.290750573 8.63582571479 
9.02628359716 38.9723436048 8.29868799941 
9.76797659134 37.8714121831 8.39877537497 
9.21895654389 36.549681735 8.11073687611 
8.62443121063 35.9137128844 9.36298773704 
8.83500988177 36.5526305809 10.5117334773 
8.23440861678 36.0974780608 11.7621233648 
6.9105898762 36.8062058024 12.0290651187 
5.88693738981 36.4680559093 11.2480617817 
4.64880591123 37.2414286012 11.2311594624 
3.83995309895 37.0168867735 12.5044964426 
4.15907579334 35.9480074822 13.2310181161 
3.38540331408 35.5634904097 14.4078520393 
3.82955314432 36.3445885136 15.6401935705 
4.92510041099 37.0894374457 15.5092270466 
5.56206087347 37.7231017533 16.6599274773 
4.69436872328 38.843344449 17.2240335 
4.53565016553 38.8645631439 18.5455985426 
4.14886835961 40.0829924868 19.2507157938 
5.37265722279 40.8928519232 19.6660680311 
5.52226633884 42.0829132412 19.0885326233 
6.77773797937 42.8230456997 19.1742966642 
7.16051798627 43.0949848316 20.6253574983 
8.45617564138 43.022220766 20.9222625454 
8.97933405667 43.5159137739 22.1926691941 
10.3340484621 44.1914193943 22.0069543435 
10.749612511 44.9738685409 23.0005618262 
11.9677034226 45.7708641219 22.8891475462 
13.0021741119 45.3464838396 23.9263653336 
14.2695429306 45.30752562 23.5208600808 
15.3658543694 45.074912235 24.4564629929 
16.3019082854 46.2773139442 24.5203548189 
16.4461855761 46.8560732231 25.7104799114 
17.2945291633 48.0301092481 25.8929987784 
17.3047052115 48.4831276176 27.3492679067 
18.3602619474 49.1915813999 27.7443238409 
18.5529318024 49.5630665444 29.1429795101 
17.4304031777 50.4720125368 29.6326688393 
16.82245442 51.215638209 28.7109339841 
15.7933899436 52.1876186916 29.068202527 
14.44009317 51.5122458988 29.2644381071 
14.3890873166 50.2030307801 29.0287897433 
13.1338663657 49.4608551788 29.0991907946 
13.1768188385 48.4062553951 30.2001101154 
12.0605497836 47.7088405343 30.3994386995 
12.0273184065 46.5569575836 31.2957767554 
13.1367190606 45.5651128479 30.9618258928 
13.8628610966 45.1185957202 31.9843307454 
14.8561173957 44.0622331834 31.8143287395 
14.2100232015 42.7701744158 31.3252526691 
14.7513129741 42.2052115276 30.2482205004 
14.1205499484 41.0706880703 29.580122381 
14.8506018742 39.7690366625 29.8944100961 
14.1680566451 38.6426392916 29.7006655517 
14.7619007007 37.3338968891 29.9573815979 
14.6878266064 36.4419706234 28.7224607363 
15.7929055689 35.7700550279 28.4070151866 
15.8003121754 34.7607075754 27.3522529248 
15.7861340621 33.3517742091 27.9359949227 
14.9461617574 32.4842866391 27.3755595397 
15.0003277836 31.0582130504 27.6833593583 
15.626775628 30.2694421646 26.5381726673 
16.6836342413 29.5188707907 26.8412707697 
17.2973308498 28.6289838587 25.860027534 
16.6250684917 27.2600017922 25.8594006352 
16.1845364874 26.8143404784 24.6848822139 
15.7328033247 25.4372335129 24.5091718783 
16.3969557123 24.7882472018 23.2993093475 
15.9112614533 23.6098170724 22.9151485839 
16.4446637141 22.903701701 21.7540096271 
16.9813259813 21.5297459337 22.1416797578 
17.0408022735 20.6193194966 21.1722664049 
17.5114906194 19.2608042649 21.4257410843 
19.0333219119 19.2108132228 21.5128007328 
19.5701590691 18.0492054223 21.8797464508 
20.9104892226 17.6569274167 21.4543130097 
20.8983253125 16.2871360882 20.7838111641 
22.0628498571 15.8441601918 20.3149498672 
22.2070846747 14.4961830295 19.7731801246 
21.7436063083 13.4451938447 20.7765038545 
21.734375334 13.808781507 22.0570876184 
21.5729954549 12.8311889787 23.1292955974 
20.1284397057 12.7782728555 23.615616007 
19.4371217474 13.9140746876 23.5507341588 
18.2046363516 14.1045188801 24.3097277857 
17.1664747252 14.8685331557 23.494527446 
15.8924617377 14.5387675474 23.695329654 
14.8069427971 15.4761384093 23.4226667414 
14.1303203594 15.1655539894 22.0915888458 
13.1091257293 15.9469464325 21.7469682532 
12.3359743375 15.7050819032 20.532431699 
11.5102058396 16.9291190578 20.1504782965 
10.9621820952 16.9218274465 18.9373036251 
10.2250216131 18.0723977087 18.4233551236 
9.05248091753 18.4276580139 19.3316432948 
8.29413373234 17.4155019195 19.7471256202 
7.14416339728 17.6288994499 20.6208477095 
7.5592140591 18.299833931 21.9260790451 
8.67137946889 17.846515933 22.5003323598 
9.12446962855 18.3488796998 23.7940481399 
9.6340632966 19.7820153325 23.6823095098 
10.2488807773 20.1077834381 22.5473863485 
10.8060637578 21.4401714341 22.3337279269 
9.70290322895 22.4774447111 22.1516566063 
8.68051826745 22.1280112552 21.3739669344 
7.51542974305 22.9917757544 21.2071131447 
6.81928154557 23.2438060425 22.5404950819 
6.6147960267 22.180506622 23.3149342277 
6.09834584629 22.3113714854 24.6741671605 
6.93563739486 23.2897844338 25.4912962411 
8.25722010036 23.1907755639 25.3656285373 
9.16591293468 23.9875583578 26.1846371325 
9.06670259287 25.469368175 25.837583904 
8.88850042024 25.7685933873 24.5527165048 
8.72283284978 27.1478458448 24.1037426955 
7.45678974515 27.7693179841 24.684221986 
6.3381119369 27.0568568781 24.5696134821 
5.07140535623 27.526351472 25.1231383975 
5.13874977736 27.6334958269 26.6430179274 
5.8408964682 26.6953969391 27.2747904156 
5.97809402096 26.6905794299 28.7282394825 
6.86530284915 27.8366514052 29.2030325868 
7.99833103971 28.0292485147 28.5312220121 
8.9205490683 29.1064296805 28.878432626 
8.22635388405 30.4636855589 28.8337280803 
7.42055749929 30.6856713371 27.7975859684 
6.74985233319 31.9688431541 27.6105425635 
5.60552465366 32.1438062028 28.6034932487 
4.95490091734 31.0390447046 28.961776323 
3.93868032653 31.0549518681 30.0098236692 
4.47397165372 31.6908889247 31.2885324806 
5.72935005026 31.3959404524 31.6189964815 
6.28151574463 31.7517147657 32.9227979429 
7.0523207616 33.0660447757 32.856125459 
7.24712872651 33.5803793198 31.6438194707 
7.53895339657 34.9978402742 31.4514568662 
8.8186544437 35.1937900112 30.6452199904 
9.21332388733 34.1659719365 29.8968871694 
10.28721478 34.3002185177 28.9170418893 
9.95327860288 35.3611807382 27.8735406839 
10.8568053184 36.3218235729 27.6919345334 
10.6201068718 37.4316699474 26.7734709047 
11.1284180411 37.1072645478 25.3726033659 
12.2248309376 36.3560441319 25.2969553471 
12.6272140864 35.71230652 24.0499388053 
13.0279969657 34.2593039346 24.2827596375 
13.0895021305 33.4794553512 23.2056202421 
13.6750879039 32.1432465035 23.2603539987 
14.7855216677 31.9841467557 22.2270713191 
15.706121347 31.0567963491 22.4814203499 
16.6184442018 30.5796471699 21.4463569527 
16.4412054022 29.0849792064 21.2001800725 
16.3499186235 28.698248768 19.9296359893 
16.3913640276 27.288154729 19.5537668016 
17.8204004175 26.8315684568 19.27911622 
18.4567526555 26.2326781181 20.2833881787 
19.8707133114 25.880834014 20.1923851186 
20.0518074393 24.4071573907 19.8437720146 
19.1196061102 23.8611496336 19.0659210094 
19.1659961897 22.4512676921 18.6898340004 
20.4884294017 22.1030150102 18.0146011229 
21.139706582 21.0449344867 18.4925965368 
22.3397002036 20.5266655775 17.8423864072 
22.2149906304 19.0325021931 17.5631512507 
20.9802557223 18.5369373121 17.518194264 
20.7320100804 17.1232035521 17.2515643254 
20.0627062953 16.9261824368 15.895369615 
19.0875336174 16.0217129112 15.8392527649 
18.3767984203 15.7384109628 14.5958879542 
17.2999648513 16.783859508 14.3247500305 
16.9074692611 16.9191047715 13.0599054132 
15.7055796772 17.6691222773 12.7073494089 
15.8259922376 19.1319232187 13.1217926385 
16.9791604798 19.7359346548 12.8433161302 
17.2223515014 21.1279509533 13.2100712511 
16.2236506045 22.0602443795 12.5322258002 
16.1634307571 22.0025934521 11.2036077527 
15.2983051094 22.8944221369 10.4370832733 
13.8386548119 22.7379773465 10.8505986972 
13.3750620439 21.493039935 10.9365554437 
11.9647149862 21.217411684 11.1940642999 
11.5658679848 21.6480882162 12.6017175824 
12.4069433883 21.3273645532 13.5824848702 
12.167722364 21.7410138431 14.9619877276 
12.0052936115 23.2540015258 15.0646236941 
12.8406358378 23.9924912048 14.3372913531 
12.8039611483 25.4514518413 14.3753622769 
11.5664691158 25.9914978151 13.6661283343 
11.1724161857 25.3365943317 12.5761743485 
9.96957235826 25.7223654083 11.8442536082 
8.73486161725 25.6566122614 12.7371225119 
8.55724849782 24.5304277884 13.4243910825 
7.4319862504 24.3611229105 14.3389845986 
7.46128348021 25.4055962816 15.4499598544 
8.65583715262 25.6990011253 15.959009063 
8.81366629319 26.6898653245 17.0194988875 
8.42010316471 28.0822511602 16.5374006423 
8.96818086953 28.4933678542 15.3960111957 
8.72740630983 29.8339322156 14.8703921596 
7.23990552937 30.0767449163 14.6370846585 
6.57093260385 29.1115275262 14.0101822816 
5.16317256204 29.2626189439 13.6541715859 
4.27911733765 29.2896802953 14.8966541867 
4.83262694039 28.863215704 16.0297609987 
4.05718342197 28.7363286182 17.2601867722 
4.63917651291 29.6034503799 18.3716870474 
5.48656318419 30.5597191067 17.9979733508 
6.1330076559 31.433492354 18.972647873 
5.65787791685 32.8749627012 18.8227681259 
5.09194219561 33.4288975125 19.8928377311 
4.68034707504 34.8295607752 19.9024527314 
5.82445570678 35.7384131458 20.3395474314 
6.90543655914 35.1382651677 20.832983118 
8.08892471922 35.8964598704 21.227770573 
9.21219241036 35.7372986273 20.2084637682 
10.1795477743 36.6512337959 20.2419612726 
11.3284722039 36.583142808 19.3437982365 
12.0698173065 35.2588872096 19.494806576 
12.4970071773 34.6851052789 18.3721048856 
13.2928166402 33.4613296923 18.3926275406 
14.6947973211 33.7049676446 17.8438655812 
15.7096405132 33.4160901973 18.6555422974 
17.0976637155 33.5503347999 18.2234190011 
17.7209376643 32.1882742454 17.9364179554 
18.8005821737 32.1805143188 17.1576474549 
19.5989281049 30.9730439348 16.9678591178 
21.090642187 31.2905238541 16.9745350055 
21.9194677291 30.2514713327 17.0493284152 
23.3360682653 30.3769078557 16.7193751362 
23.6791340315 29.5993036057 15.4530077015 
23.7096894653 30.2945473557 14.3181603685 
23.6751699577 29.6359037271 13.0157174558 
24.8105909588 28.6271736351 12.876678895 
25.9392562396 28.909259863 13.5237631391 
27.1282250234 28.0727893065 13.3894843 
26.8269412144 26.6223860405 13.7522616449 
25.9050626487 26.4235501825 14.6918254731 
25.5449787555 25.0813025087 15.1391188209 
25.0220423772 24.2355293647 13.9827216995 
24.0534768557 24.7722711982 13.2438272482 
23.4934701232 24.0732890829 12.0909278472 
24.5158741997 23.957462345 10.9651734154 
25.3200470985 25.0024735462 10.7823250807 
26.4034927757 24.9727941734 9.80425291249 
27.3322210031 23.7871627447 10.0446504267 
27.6821978664 23.5523558392 11.3074084747 
28.5338272304 22.4228521549 11.6683924362 
27.8320739131 21.0950378495 11.4028732816 
26.5206927908 21.0597820355 11.6291751939 
25.7162930495 19.889961534 11.2888494422 
25.7424595308 19.6193138835 9.78814489645 
25.6671871979 20.6826023869 8.99069420216 
25.6221654653 20.5481194181 7.53768080188 
26.895911826 19.9016822209 7.00313601603 
27.9783475611 19.9953698335 7.77237686674 
29.2490651055 19.3914175159 7.38266019093 
29.5982260337 18.21046571 8.28237595041 
28.5907471562 17.6546221189 8.9518534998 
28.7334639139 16.3623311647 9.61591417754 
29.689662155 16.4527901273 10.8006297843 
29.7744814908 17.6346006876 11.4075115315 
30.4817559762 17.795547065 12.6744841566 
31.9844311759 17.9352712749 12.4542720808 
32.3868521765 18.1201061722 11.1988560643 
33.7870685694 18.3747560102 10.8734208483 
34.0567397774 19.8685069294 10.7249802862 
34.5963892855 20.482675469 11.7755760166 
34.72857073 21.9356405595 11.8283119454 
35.6324695652 22.4488450318 10.7122308395 
36.602077788 21.6308049545 10.3086886461 
37.5427149781 22.016758403 9.26102353775 
36.8379528708 22.1783124829 7.91816851175 
35.6338562247 21.6214268153 7.80768957428 
34.8806958585 21.6678478704 6.5579075472 
33.90717875 22.8417696702 6.54304089707 
33.8969494973 23.6195846919 7.62335341185 
33.1848873642 24.8939332014 7.64243119132 
33.8509642383 25.9125806069 6.72332943939 
33.0654366374 26.8618206567 6.2192801448 
33.6171438706 28.0667973811 5.6068988997 
32.5241466017 29.091645869 5.32213317732 
32.9261137144 30.286516122 4.8944843795 
31.9764975564 31.3614658661 4.62232125364 
30.7409478636 30.8367463154 3.89834934904 
30.9573721899 30.0768406808 2.82695777135 
29.8772556136 29.7162029218 1.91336642096 
28.7824456761 28.9357132657 2.63328035128 
29.1760651897 27.8930147905 3.36130476285 
28.2180675052 27.0448370282 4.06429515177 
27.5523333697 27.7972297197 5.21179341668 
28.2857540044 28.7290841915 5.81670447731 
27.7139363891 29.6203924832 6.82166950692 
26.6832411056 30.5598501812 6.20430783329 
27.0247434686 31.1478895603 5.05985958182 
26.118794808 32.0596429366 4.36752774501 
24.8121657849 31.3651572862 3.9981238378 
24.9137145524 30.1408198608 3.48542344583 
23.7327371576 29.3557869751 3.13847052665 
22.855871061 29.1073726923 4.36135447943 
23.4883394909 28.8576666107 5.50582227425 
22.758536001 28.6185920411 6.74743041822 
22.0462272505 29.8811922551 7.22125096761 
22.7262162593 31.0211652832 7.11999674058 
22.1269148402 32.3041596419 7.47513594056 
20.8512082048 32.5572111655 6.67852657823 
20.9238648341 32.3665126312 5.3630300717 
19.7725273484 32.5867791548 4.49282020075 
18.6208767512 31.6544066561 4.85397307012 
18.9281128224 30.3715825186 5.0332611183 
17.9170846849 29.3874329874 5.40827094769 
17.1735011648 29.8128590723 6.67007329527 
17.9232123545 30.1870340851 7.7045307217 
17.3307705375 30.5408567887 8.99106978238 
16.559403627 31.853499933 8.90157098565 
17.1204111233 32.8253015321 8.1852971438 
16.4555198309 34.1093157534 7.98383345993 
15.1031193122 33.9299757928 7.30199844705 
15.0526011447 33.0515118758 6.30303646754 
13.8264416213 32.8256349228 5.54351491273 
12.7134733535 32.289778124 6.4380584251 
13.0880617175 31.5161578027 7.45460706212 
12.1118660982 30.9054173598 8.3520471945 
11.5240279755 31.9348443773 9.31161758104 
12.3169735806 32.9468758016 9.65687927746 
11.8169720273 34.0838999522 10.4240396873 
12.5845906951 34.2483424363 11.7316211262 
13.782846634 33.6717784652 11.7943321103 
14.6686766387 33.8696024219 12.9378055256 
14.9188461302 35.3523500212 13.1926069224 
14.7185968838 35.7841933481 14.4358235389 
14.6608981545 37.2083944348 14.7515491922 
16.0492678038 37.764597016 15.0500745267 
16.9127081173 36.9309180874 15.6259445161 
18.2857834656 37.3320881396 15.9176416946 
19.2491477062 36.1605140543 15.7582915388 
20.4781722565 36.4539453557 15.3392775755 
21.5258457921 35.4395940415 15.2697639703 
22.6905304793 35.7844527657 16.1920605653 
23.072708748 34.8380522879 17.0467194926 
24.3670250948 34.8918588783 17.7199286815 
25.4989217588 34.5094208504 16.7719835004 
26.4017751408 35.4527097569 16.5126810035 
27.532806464 35.2060069954 15.6231494073 
28.8535643084 35.5631713974 16.2970049377 
29.7431682285 34.5805187213 16.4201899982 
30.9745640278 34.7540932104 17.1849754903 
32.07485679 35.3708696008 16.3276589264 
31.8064356815 36.5517306653 15.7747636103 
32.7127858441 37.1697344065 14.8114561177 
33.8810828038 37.8545394417 15.5130067192 
33.8420230528 37.8827386408 16.8433657371 
34.8789394221 38.5491379506 17.6257192186 
35.957383354 37.5645216334 18.0656491716 
35.7451506705 36.2822489313 17.7777082383 
36.7396280133 35.2559019471 18.0760155457 
37.8675794766 35.2648869178 17.0495196925 
38.8015497091 36.2014259642 17.2004176539 
39.8406016305 36.4149959661 16.1973625576 
40.9868921532 35.4238920319 16.3699313816 
41.6511069171 35.0849629536 15.2671522547 
42.7637463708 34.1404656264 15.303467704 
43.7684074387 34.5120516749 16.3891144774 
44.0949003735 35.7992898066 16.4818308796 
45.17165301 36.2549074575 17.3561173787 
44.7545848574 36.1973453947 18.8219924533 
43.4520769977 36.0686886165 19.0650905483 
42.9249897706 36.0561379707 20.4264803173 
43.0126862869 34.6625284206 21.039840499 
43.0954497885 33.6423016485 20.1886862758 
42.9874410643 32.2581068774 20.6400171057 
44.0770978074 31.920667723 21.6523569541 
45.3105133579 32.3237264189 21.355025922 
46.4470921834 32.0087963298 22.215472422 
46.2553875403 32.5822329358 23.6156398255 
45.4592842044 33.644120076 23.7195203119 
45.2185358835 34.2978269077 25.0025122024 
44.4956717364 33.366352369 25.9699167599 
43.9776642482 32.2553828169 25.4506953507 
43.1626488412 31.344800872 26.2494136833 
43.9843513344 30.1600950428 26.7467325754 
45.265788405 30.1323443666 26.387114849 
46.0968882803 28.9521748202 26.6058233439 
46.2017798225 28.6179246686 28.0901829937 
46.2632151555 29.6496483848 28.9291989939 
46.5512612771 29.4659911382 30.3485861907 
45.2755965928 29.5211851608 31.1826618482 
44.1255124801 29.4555619212 30.5154466661 
42.8386707918 29.4697854659 31.2047918094 
42.5934681645 28.1583557988 31.9437619505 
41.8093054277 28.2185924371 33.0178365872 
41.4332260932 27.018579715 33.7593852152 
40.4428152856 26.1691096517 32.9697422494 
39.4553986888 26.8203837438 32.3589832979 
38.3633016714 26.1107813078 31.6993250119 
38.3448402651 26.3956726881 30.2011444329 
39.3805916575 27.0739835432 29.7119722621 
39.5981832586 27.207526777 28.274550728 
38.4481416166 27.956274858 27.6090963697 
38.0925582756 27.5423025219 26.3948627152 
36.9717950545 28.1441385879 25.6785920128 
35.6930314768 27.3365998998 25.8752997884 
34.7354351504 27.9071141053 26.603103878 
33.545747803 27.1689111562 27.0166990765 
32.3641143956 27.467261606 26.0997593462 
32.4754233075 28.5369805528 25.3152291195 
31.470553566 28.8528692882 24.3043821103 
31.407726178 27.7710833408 23.2311436221 
30.207308547 27.2550115901 22.9764998822 
30.0113534936 26.2491666659 21.9366738525 
30.4110091613 26.7863220108 20.5663496382 
29.8162400681 27.9099216964 20.1714452854 
30.1219997685 28.526204651 18.8837858225 
31.5583565508 29.0373719195 18.843336022 
32.0131107728 29.6214432971 19.9497876472 
33.3703992229 30.1527458456 20.0325296074 
34.4070704647 29.0572400939 19.8061916879 
34.1924750905 27.8983647579 20.4251688737 
35.1228954556 26.7802401271 20.3007670192 
35.1651144448 26.2534356783 18.8701225493 
34.0105197764 26.2382714485 18.2076595891 
33.9335701058 25.8130703871 16.8131548841 
34.728053835 26.7471402886 15.9063153211 
34.540076761 28.0526958397 16.086218901 
35.2951757982 29.0463840612 15.3287430074 
36.7905946056 28.9327720897 15.6059863665 
37.1482037537 28.7557579101 16.8760090643 
38.5503998935 28.6532209633 17.2693190275 
39.2250280743 27.4587809678 16.6028065487 
38.5296519304 26.3240291617 16.5717206564 
39.0637897933 25.1156432194 15.9505437696 
39.337813526 25.332660057 14.4660022054 
38.3831429309 25.9441072784 13.7682111721 
38.5517895024 26.2585831891 12.3525756956 
39.7325023014 27.1985435083 12.1324828646 
39.8041320354 28.260660418 12.9318281135 
40.8748544789 29.2447233208 12.803242659 
42.2448559556 28.5947829604 12.9667126917 
42.3845525923 27.7501532077 13.9861544047 
43.6546952648 27.0846490165 14.2603848366 
44.0044964759 26.087542237 13.1606275215 
42.9929372569 25.3941095596 12.6428678825 
43.2043069386 24.395388471 11.5992014551 
43.8642176198 25.0120021802 10.3702366893 
43.4600442323 26.233348057 10.0279880988 
43.8555729493 26.8439609236 8.76225924637 
44.8238982671 28.0008375231 8.98593665123 
45.0225511628 28.3745269386 10.2481051119 
45.7191221058 29.6141821021 10.5788687189 
45.167947684 30.7883552891 9.77663866873 
43.8428417597 30.9072921614 9.73054870186 
43.1970142895 32.0021277196 9.01249400601 
42.2909654258 32.8097819842 9.93597601173 
41.978493131 34.0402600556 9.53540048059 
41.0638154842 34.8845368732 10.2982386187 
39.6554075281 34.2995654949 10.3138746503 
38.9634778624 34.445151723 11.4417992769 
37.5565515124 34.0657758665 11.5312015826 
36.7846300198 34.5115320496 10.2936687128 
36.0597873527 33.5803525764 9.6774837795 
35.3962059 33.8449713945 8.40429993438 
34.1767117957 34.7412497559 8.59289526441 
33.5474773585 34.6509355609 9.76254621431 
32.4298617013 35.5274277818 10.1002697645 
32.8905423342 36.9722515844 10.262462561 
34.0754224094 37.1573312381 10.8403731977 
34.6999401843 38.4755263765 10.9011982992 
35.0174811427 39.0011643553 9.50516054026 
35.6459845559 38.1636829287 8.68309953568 
36.0923239742 38.5827258911 7.35775252971 
34.9084203195 38.9190042699 6.45700952634 
33.7743790613 38.2640515865 6.69609817657 
32.5890778318 38.4573695402 5.86600798225 
31.5002474878 39.2091389799 6.62451978893 
31.9085218278 40.0558338623 7.56717339172 
30.9608610558 40.8305029003 8.36290419364 
30.0152393812 41.6295047352 7.47214907256 
30.5752987246 42.3336686383 6.49099531045 
29.7793440543 43.1732429737 5.60052820545 
28.7174196065 42.355249271 4.87303130596 
29.0821643398 41.1453928843 4.45424164689 
28.1583318349 40.2736777775 3.734514725 
27.0343986623 39.7887299805 4.64426679415 
27.353360297 39.5683002417 5.91778561277 
26.3397048327 39.235193892 6.91423095832 
25.3590601118 40.3866162519 7.1107289224 
25.8782206278 41.6121819008 7.13597123167 
25.035088608 42.7985187187 7.25039989277 
24.0541325098 42.8932674015 6.08644250961 
24.518695267 42.5481305104 4.88759391761 
23.675656629 42.59726434 3.69669833512 
22.4752165841 41.6661646491 3.83103386131 
22.7038492737 40.4771005254 4.38423326336 
21.6207127291 39.5343747349 4.6477553242 
20.6444707654 40.0892362819 5.67980632169 
21.1767702002 40.5950485969 6.79020588452 
20.3435918001 41.0751154544 7.8887094725 
19.4241233216 42.203109031 7.43235744003 
19.9170086771 43.0409991086 6.52286295422 
19.189597405 44.2378227405 6.11073845572 
17.9274472236 43.8770325519 5.33430022339 
17.9307645009 42.7033202815 4.70615654766 
16.82907637 42.2959292505 3.83916382744 
15.6507576416 41.7712624628 4.65300576893 
15.9404069674 41.2092296546 5.82449984319 
14.9269519649 40.5114366706 6.61021892555 
14.6207220577 41.2579829256 7.90441400453 
15.5488227294 42.110728309 8.3329352171 
15.598525839 42.5529990908 9.72336203039 
15.8797451549 41.3861604656 10.6643467744 
17.0419362266 40.7576784063 10.5015641293 
17.6154171256 39.9240517489 11.5539646336 
18.6128566342 40.7096995001 12.3989030969 
18.3485211406 40.7999156333 13.7005035623 
19.2714036571 41.4506924519 14.6257807963 
20.5101178906 40.5935786596 14.8645106949 
21.6606902197 41.2433061178 15.0264165967 
22.9013296246 40.5380823688 15.3343677259 
23.1884312731 40.5538875114 16.8321566998 
23.2625659801 39.369801594 17.4359948909 
23.7567667434 39.2373628234 18.803322995 
25.2230902739 38.8183414722 18.8224379256 
26.1211832912 39.7992499713 18.8809479579 
27.5490958568 39.5403325557 18.7216116959 
28.075230281 38.641973671 19.8361442668 
28.452352834 37.4150934086 19.4829879597 
28.7160544881 36.3792628005 20.4774108857 
29.8957273635 36.7558700637 21.3676849142 
29.9684925952 36.1452268053 22.5483609949 
31.1825250556 36.1867249677 23.3581533473 
31.8434539907 34.8142910633 23.433300471 
32.5301220492 34.4254057957 22.3611851781 
33.1232750702 33.0943096833 22.2733603515 
34.2449896647 32.9212102458 23.2921056201 
34.7994324828 34.0367649375 23.7614742033 
35.9046366143 33.9999594869 24.7146424746 
35.4415097538 34.395737935 26.1128276914 
34.1587195657 34.1817950763 26.3971756519 
33.6302435675 34.3771180168 27.7439951033 
34.2960061622 33.4340108915 28.7406686142 
34.4117910757 33.8755809646 29.9911827884 
34.9965486675 33.04981296 31.0435735562 
34.0341617874 31.9509936284 31.4822722449 
34.5425789936 30.7260191613 31.5968387102 
33.7159438465 29.5874082005 31.9861971316 
34.0462117634 29.1232912684 33.4009647966 
34.856163475 29.9065672523 34.1099308984 
35.0847216696 29.6820924328 35.5342668046 
35.562240956 30.9555576391 36.2244194465 
35.3332418458 31.0445857449 37.5327807801 
35.730960565 32.2204101509 38.3012971128 
37.1834222117 32.5950685511 38.0255522714 
38.0367035072 31.5866433972 37.8607320198 
39.4625079053 31.8172728743 37.6480058346 
39.7044449382 32.6778128418 36.4122929205 
38.8772224747 32.4908737401 35.3861678094 
39.1558645679 33.0497680133 34.0665631935 
38.4677001944 34.3981628064 33.8813329411 
37.7460399186 34.8434727995 34.9075305009 
36.9006551192 36.0281031498 34.7920487223 
37.7290372202 37.2690916176 34.4761694936 
37.260215764 38.0699526158 33.5217041567 
37.8177223139 39.4002820517 33.2963808207 
39.2694592467 39.319982305 32.8358802254 
39.5992766263 38.2681940213 32.0894635335 
40.9642182151 38.0655852666 31.6127616155 
41.1920027971 38.7645685946 30.2765036087 
42.4235406754 38.7019649909 29.7749348506 
42.7961096032 39.4319832559 28.5667849039 
41.9904467324 38.9551115554 27.3628124419 
41.8151653156 37.6405219695 27.2474581145 
41.0492468269 37.0640421235 26.1463675538 
39.6371841911 37.6381224221 26.0957721652 
38.9760251734 37.6934920832 27.2498860805 
37.5896062346 38.1459351507 27.3169559227 
37.4520925136 39.5805889986 26.8180498366 
38.3532616463 40.4537663969 27.2626073703 
38.2391757193 41.8817962293 26.9814032348 
38.7318777887 42.2089488814 25.5756063851 
39.6908043619 41.4269760278 25.0845317888 
40.1171593456 41.5214123637 23.6914547008 
38.9401143125 41.3345774636 22.7397684711 
38.0954593396 40.346086862 23.0254611083 
36.8962286454 40.1091639291 22.227292058 
35.8971327863 41.2514374189 22.3791726312 
35.7382867642 41.7434129018 23.6059179352 
34.8172162793 42.8433696197 23.876260214 
35.1517947449 44.065259799 23.0270896719 
36.4397378031 44.3878807055 22.9306821765 
36.8913380235 45.4925846181 22.0898212645 
36.4686730214 45.2904853571 20.6384222311 
36.6244147108 44.0665212148 20.1385899792 
36.2411743285 43.7452536122 18.7669943743 
34.7293563319 43.8258137708 18.5826973968 
33.982831955 43.3579208781 19.5806721317 
32.5263333253 43.455153558 19.5579100214 
32.0722890586 44.8939708038 19.3349801972 
32.7900561297 45.8432701749 19.9314842717 
32.4861663765 47.2597953873 19.7512957387 
32.7148319329 47.6943807167 18.3073786275 
33.8433167475 47.2822745198 17.7339098132 
34.1412336659 47.5725249764 16.3344953824 
33.0630453139 47.0124153187 15.4126298727 
32.6505682311 45.7720724901 15.6647970776 
31.631875235 45.1225780257 14.8451739405 
30.274953356 45.7985059233 15.0123070024 
29.9789490809 46.2447660616 16.231080703 
28.7459978202 46.9792620489 16.498863078 
28.6674331021 48.2508144525 15.6603936155 
29.7381879151 49.0416140557 15.6776009823 
29.7735187288 50.2986110803 14.9359334147 
29.6424776598 50.0584520849 13.4355331798 
30.2600176991 48.9841326514 12.9490580724 
30.1942317614 48.6394141873 11.5319476471 
28.7805783135 48.2348619052 11.1270151217 
28.1129360194 47.4668396311 11.9852525767 
26.7332793656 47.0600498758 11.7353922566 
25.8051574713 48.2682903206 11.6661553708 
26.0170067499 49.2328513399 12.558857952 
25.1732391327 50.4229294814 12.614811433 
25.2857900789 51.2405383355 11.3322760472 
26.4728982488 51.2414122526 10.7298232238 
26.6931070246 51.951138866 9.47317816797 
25.7560756786 51.4449628649 8.38147899608 
25.3286019537 50.1897741804 8.49956183209 
24.3908628493 49.6073451455 7.5441653919 
23.0017666515 49.4566572518 8.15551952937 
22.7942087965 50.0699921761 9.31866869558 
21.4655848716 50.1427943817 9.91935070116 
20.9986303852 48.7710419239 10.3950582497 
21.9478217121 47.9185475773 10.7751440154 
21.6220913711 46.6144728043 11.3449240593 
21.5348089612 46.6825992608 12.8660386297 
20.4525346192 46.1448142961 13.4242908629 
20.2671163718 46.1260462579 14.8722647581 
21.2588637466 45.1818845037 15.5438633704 
21.8262775259 45.616214685 16.667061871 
22.876832453 44.8559504675 17.3376535736 
22.6614918381 44.8294160777 18.8472804531 
22.8514370512 43.6601318673 19.4546281514 
23.2178038648 43.5809766802 20.865610214 
24.5202367105 42.8105193439 21.0556448028 
25.1306611416 42.9548267691 22.2298395722 
26.3962446638 42.2881593294 22.521752984 
26.2266314126 41.2333040464 23.6101282165 
26.8105746488 40.0566550592 23.3940647229 
26.7679473856 38.9870971853 24.3868332951 
27.8785359291 39.1477080764 25.4197157659 
27.5521821275 38.9026507475 26.6868448348 
28.5197663598 39.0538879327 27.769558386 
28.5687688322 37.8058431046 28.6447908318 
29.4077783915 37.8365508164 29.6778910067 
29.6941532338 36.6422986743 30.4672653397 
28.4641591821 36.1865104814 31.2453532046 
28.5079943785 34.9604559576 31.7621169377 
29.7739571299 34.2679762311 31.9838616279 
29.8585601689 33.7122932715 33.4016443135 
31.0545860657 33.287958563 33.8036867056 
31.3643124894 33.0991509293 35.2178231157 
32.1905947803 34.259839447 35.7619818334 
31.574886986 35.083035951 36.6078112508 
32.2200998316 36.2958115391 37.102013966 
31.8445217146 36.5684365447 38.55482698 
32.8504317159 36.6602540386 39.4219432309 
32.6242913692 37.0005311198 40.8235254148 
32.0862273727 38.4203449367 40.9672780855 
31.3788002383 38.6799521095 42.0646963926 
30.5681620102 39.8881590328 42.1849555298 
31.4170979131 41.1427303324 42.0077334765 
32.631517009 41.1208830329 42.5526049572 
33.4833477299 42.3063669512 42.5719147751 
33.9512780392 42.6731472041 41.1674353551 
33.8798025975 41.7137680156 40.2472947086 
34.3660994105 41.9205506082 38.8863696792 
33.2288791431 42.3062784027 37.946160606 
32.0103039485 42.3638352587 38.4790186348 
30.8337627358 42.664140418 37.6685075908 
30.9031595592 44.0760943941 37.096127455 
31.1684369013 45.0549862033 37.9584352497 
31.1244795274 46.4588341858 37.5601399342 
32.0030867599 46.7145150749 36.3400065058 
33.22491324 46.1866443414 36.3658621941 
34.1709423503 46.3922404539 35.2731043401 
33.5906995059 45.9199733152 33.9440704954 
32.8591533065 44.8082214305 33.9760686231 
32.2326158596 44.2691912251 32.7726327785 
31.2770948787 45.2801269643 32.147302821 
30.4202504725 45.8778041463 32.9723941038 
29.4468342289 46.8531307273 32.4901499291 
30.1335781039 48.1262800708 32.0069081996 
31.0896846078 48.6203529962 32.7904439505 
31.7820095003 49.8631600516 32.4626064408 
32.4596190397 49.7747816684 31.0991243019 
33.1881764441 48.6851383569 30.8666215327 
33.8826594152 48.4848766062 29.5981779192 
32.896163309 48.3667544369 28.4410601401 
31.8518247546 47.5630260466 28.6296168524 
30.866729164 47.3283506687 27.5780110751 
30.187161104 48.6275015586 27.1579596657 
29.7469125416 49.4125020876 28.1388426088 
29.0370587605 50.657931741 27.8624856752 
29.9032516581 51.620146015 27.0563203544 
31.1906448417 51.6828031249 27.3892901016 
32.1146373772 52.5845096587 26.7077303552 
32.5249181389 52.030099066 25.3474555445 
33.0241144301 50.7960798623 25.3342025006 
33.6629865731 50.2414610267 24.1444122255 
32.6364928051 49.9325636458 23.0595426843 
31.3935983567 49.6882837308 23.4690749646 
30.3572009076 49.2390409609 22.5441847941 
29.2631618599 50.2900803574 22.3878399237 
29.5441393987 51.5120341422 22.8351167349 
28.6749407781 52.6499980216 22.5507006062 
27.2446230813 52.3798093925 23.0059350077 
27.1002918484 51.6964576014 24.1392376153 
25.8203201183 51.6355906038 24.8387575547 
24.8303128121 50.7394882425 24.101916282 
25.3383880982 49.9228116411 23.1815496116 
24.5513740518 48.838221418 22.6022107596 
24.0282382447 47.897351135 23.682553764 
22.8076649282 47.39929725 23.4972996628 
22.1984842521 46.4875402763 24.4611246946 
23.1427585782 45.3421052187 24.8109439272 
23.2219017078 45.0083518822 26.0972257978 
24.076655911 43.9163331185 26.553570885 
23.249156728 42.7070695625 26.9766261106 
23.7739786264 41.5098336167 26.7249039614 
23.0053524911 40.2826205349 26.9107062295 
23.8562152129 39.1892439324 27.5483653887 
23.6585041064 38.9621048446 28.8450897729 
24.6077494616 38.1888145516 29.6402727364 
24.0897526506 36.7781951328 29.9008128071 
25.0072444712 35.8227600248 30.0332080075 
24.6554774378 34.48170623 30.4905866697 
24.8949480637 34.3287094805 31.9890174433 
23.9359202906 34.7812486267 32.7937845071 
24.1864884068 35.0523742152 34.2062529496 
24.595297474 36.5052234161 34.4256915865 
25.7522723121 36.7093998947 35.0517084912 
26.7716261496 35.6676407863 35.1354717345 
26.6608449003 34.8904073617 36.4430208494 
27.2394425768 33.6918724712 36.4732668495 
27.3474687176 32.924964069 37.7108218674 
28.4305278403 33.4948138716 38.6209334587 
28.1047876253 33.6612776477 39.9009174816 
28.9818674965 34.3700595086 40.8281282127 
29.8810523824 33.4006256722 41.5882029113 
29.6943651152 32.1044169194 41.3491073058 
30.5170389102 31.0817791807 41.9884667112 
30.3708853114 29.7362408614 41.2854626385 
31.3979000834 28.8957664815 41.3904362053 
31.4555961128 27.6574311634 40.6193607389 
31.0459690195 26.4585449414 41.468434611 
30.5748842902 26.7244306438 42.6848062428 
30.6312838047 25.7384531512 43.7599936896 
29.4309329146 24.7988632498 43.7112337962 
28.3464179952 25.2515083713 43.0858413121 
27.036341602 24.6386835598 43.2846028814 
26.3705517234 24.3139042551 41.9514520234 
26.9019586567 23.3158216711 41.248875478 
26.1795898701 22.6849775378 40.1481577202 
24.9233465927 21.9775115067 40.6455445035 
23.8045033187 22.1997068918 39.9592538112 
22.4992854278 21.7909736326 40.4698455726 
21.6956894756 22.9924061812 40.9565100833 
22.379937023 24.1099644392 41.1911263853 
21.7251984563 25.3204536477 41.6783571849 
22.2507584579 26.5595289549 40.9610510876 
22.6588843912 26.3913554251 39.705134346 
23.3001432471 27.469121982 38.9577610155 
22.285935979 28.5258480419 38.532599139 
21.0010613865 28.1964961948 38.6457389544 
19.9418862911 29.1945507586 38.5299988493 
20.0283476296 30.2242507582 39.6517346992 
20.5149170765 29.7970917046 40.814903342 
20.6396068139 30.686831425 41.9656319225 
21.9804880771 31.4134981317 41.9591585431 
23.057027822 30.6729006932 41.7046912815 
24.3859468924 31.2669326319 41.5930636557 
24.4135066247 32.3634662835 40.5333923003 
23.6049598208 32.2010509972 39.4883806659 
23.6107253857 33.1322209693 38.3639920284 
22.5612056229 34.2238245291 38.5455379039 
21.4607470084 33.8855145068 39.213903928 
20.443244292 34.8725331647 39.5629640346 
21.0578018357 36.0683225747 40.2830027013 
22.0267166165 35.8029020858 41.1564625384 
22.7420515183 36.8678330107 41.8532972895 
23.4995837212 37.7574800192 40.8731329506 
24.2484587006 37.1374411034 39.9637848415 
25.0390118373 37.8808825691 38.9872188725 
24.1429720377 38.6174415151 37.9969448871 
23.0936512218 37.9444026427 37.5299111872 
22.1822275654 38.5302144852 36.5513960006 
21.471036595 39.7528713885 37.1218050379 
20.9922974915 39.6391421397 38.3587571405 
20.3725192001 40.7679367294 39.0465494134 
21.3295685025 41.9518745891 39.138183175 
22.5845556617 41.6765098394 39.4865471517 
23.5708175864 42.7327674367 39.6938340804 
23.9211884637 43.4264877396 38.3815683455 
24.2095778022 42.6363719506 37.3497134115 
24.5757872608 43.1824851981 36.0462520503 
23.3746485071 43.8232155581 35.3586625874 
22.1805011602 43.3111394708 35.6484317541 
20.9458163761 43.9402058059 35.188878061 
20.7636043415 45.3199766465 35.8126409737 
21.019983657 45.4224504761 37.1149254035 
20.9470212009 46.7036549264 37.8110232438 
21.8753064031 47.7322076378 37.173516481 
22.9973460273 47.2648470309 36.6305826725 
24.0236452549 48.1597989988 36.1041499256 
23.7601099669 48.502632045 34.6415961236 
22.7768743624 47.8347996336 34.0420766563 
22.140362775 48.3361513522 32.8276385063 
22.0920686026 47.2622980617 31.7457162573 
22.3372465285 46.0134109758 32.1360299859 
22.1963075408 44.8839943227 31.2217462268 
20.7452835881 44.7014822853 30.789001713 
20.5308854096 44.5227751918 29.4873592233 
19.2046714854 44.6889033753 28.9000614958 
18.491361199 43.3482827837 28.758732681 
19.2491264052 42.3026457064 28.4352964891 
18.6830194446 40.9660301541 28.2792761658 
19.4712117862 39.935397401 29.0808982277 
18.7759991355 39.1891010819 29.9364081048 
19.4206455603 38.1789063566 30.7702535165 
19.133943555 36.7724024947 30.2548916864 
20.1595226571 36.1153519347 29.7176319334 
20.0411279651 34.7217202312 29.2991418633 
19.9561944816 33.7889434332 30.502787458 
18.8528306223 33.0514348449 30.6069279953 
18.591766228 32.226200267 31.7825953973 
19.6772613294 31.1711953783 31.9689124364 
19.8293268379 30.6851685141 33.198883958 
20.5730958798 29.4540701533 33.4490139344 
19.8000869598 28.5201291412 34.3743573112 
19.5780114032 27.2870565183 33.9244791843 
18.695257776 26.3623517269 34.6294810631 
19.4590125962 25.5613069096 35.6787926206 
18.7304856608 24.79954231 36.4918972723 
19.3510906155 23.9342427044 37.4906297938 
20.2487646506 22.8898549361 36.8352791354 
20.1041129125 22.7206633296 35.5227906401 
20.7744347049 21.6356491704 34.8123164775 
22.1003277477 22.1002682722 34.2188641218 
22.3983525531 23.3893820003 34.3656394158 
23.6422766897 23.9513176253 33.8477188985 
24.8463889834 23.1236815044 34.2849613994 
25.6975659371 22.7605798426 33.3279708289 
26.9254072085 22.0315526194 33.6317564222 
26.6612170541 20.5351896069 33.7627154483 
25.3932407 20.1436892125 33.6571721778 
24.961386457 18.8205252776 34.0977396312 
24.3320371952 18.0350385881 32.9518866142 
23.4268144024 18.6775471227 32.2170870131 
22.7010823052 18.0099781388 31.1405067135 
21.6382781349 18.9247575153 30.5407776437 
20.9006792124 18.4143849936 29.557088824 
19.8948610565 19.2118221882 28.8615427619 
18.6811247819 19.46634577 29.749298906 
18.2822532596 20.7313197575 29.8629575829 
17.1420213234 21.1025935887 30.6956564725 
15.8559934006 20.4563874872 30.1910786037 
15.0467555932 19.9421840673 31.1146071573 
13.6967729033 19.4941450989 30.7857175309 
12.6698154117 20.5880084747 31.0593417164 
11.391758483 20.262652391 30.8779860406 
10.324014049 21.2489779046 31.0137960974 
10.3157059411 21.8653692241 32.408802078 
10.5747826248 21.0436404159 33.4236010794 
10.5997119111 21.5166930999 34.8045283966 
11.7491659191 22.4926296538 35.0333346371 
12.914351379 22.1818263297 34.4694905868 
14.0847517429 23.0438045419 34.6055681984 
13.8810228076 24.3702250365 33.8808943671 
13.166714598 24.3309419551 32.7582205068 
12.8222516429 25.5467420717 32.0271008751 
12.0136644938 26.5037908916 32.8967521547 
10.9637590333 25.987424808 33.531764412 
10.1735859711 26.776707791 34.4719875086 
11.0520104002 27.3740190657 35.5663543268 
11.8724999698 26.5348023221 36.1945963971 
12.7095642121 26.9722295043 37.3078535467 
13.6469828301 28.0984116833 36.8847589901 
14.2245439888 27.9748172355 35.6917277685 
15.1479921736 28.9832040675 35.1801028924 
14.4270875634 30.2953279114 34.889110572 
13.2582312074 30.2045186044 34.2584724316 
12.4727449043 31.3898207376 33.9276693372 
12.067036445 32.1520585988 35.184826073 
11.5861832998 31.4257223184 36.1914997221 
11.1966870876 32.0369432159 37.4588048479 
12.3681002488 32.7740078292 38.0995668401 
13.5112119439 32.09937909 38.2012904468 
14.7014038831 32.6958193549 38.8005088751 
15.1236054774 33.9562960787 38.0528503891 
14.9412982996 33.9547363173 36.734162543 
15.3983856853 35.059877743 35.8968489115 
14.4041427133 36.216212246 35.9173525525 
13.1171886859 35.8921742394 36.0218737314 
12.0866560985 36.905912959 36.2260720698 
12.3011035116 37.6552067707 37.537033572 
12.7150226224 36.9314632917 38.5748400672 
13.1011353492 37.5545897465 39.8373736113 
14.279979922 38.5033835924 39.6472034754 
15.3366790399 38.0167149863 39.0001203142 
16.5254749722 38.8282642769 38.7561683782 
16.1863516191 40.0749075882 37.9456594179 
15.418541273 39.8961658603 36.8729550586 
15.0713901268 41.0033219468 35.9869234291 
14.2623028467 42.0665240895 36.7224694483 
13.2805452266 41.6290818893 37.5079452736 
12.4253984408 42.5508333611 38.2498743575 
13.2053272059 43.264099867 39.349424712 
14.0412006248 42.5162576473 40.0665185812 
14.929980311 43.1039335442 41.0645507832 
15.8051793925 44.1924803469 40.4520629093 
16.263112901 43.9658431897 39.2227913869 
17.0452773305 44.9650777485 38.5009121251 
16.1954248347 46.1806885298 38.1458204003 
14.9765460626 45.9356594275 37.669930441 
14.033586126 47.0140472531 37.3883867993 
13.8639840351 47.9289185615 38.5968132923 
13.6946578956 47.332722308 39.7749706083 
13.5399196987 48.1011734398 41.0065953544 
14.7940710249 48.9135147094 41.3119723049 
15.9595359662 48.2894802317 41.1556124111 
17.2270915495 48.9482817638 41.4566837505 
17.4615674671 50.1416114257 40.5363390698 
16.9295405214 50.0668265214 39.3183363923 
17.0636860442 51.1565651302 38.3561330303 
15.9671759658 52.1994095621 38.5463700089 
15.0748446826 51.956221009 39.5038563972 
13.9289727869 52.833843123 39.7232136189 
13.0966415274 52.983069363 38.453959833 
12.997866554 51.9062247604 37.6775416585 
12.2024586872 51.9154517373 36.4533677513 
10.7403250415 52.2346729988 36.7471567194 
10.1643337697 53.1510232797 35.9721004681 
8.83054195831 53.669396681 36.2613218148 
7.84006176623 52.5368863815 36.5111585214 
7.18218762938 52.5666114118 37.6680915436 
5.98021918001 51.7671476317 37.8860137267 
6.33205581866 50.3471750206 38.3172187041 
7.62420440016 50.0270175107 38.3120045381 
8.07896815038 48.6742974928 38.6197366476 
7.61828079887 48.2389437763 40.0069220263 
7.70044861877 49.1500889071 40.9739995699 
7.45665585091 48.8068499742 42.3718953772 
5.971641409 48.5780939696 42.6335282631 
5.12864076744 49.022690903 41.7040878613 
3.6838760857 48.8651810358 41.8426743789 
3.30591335515 47.4035641042 42.0591670786 
4.03855156228 46.4980895837 41.4145484895 
3.79558786972 45.0667377889 41.5680452341 
4.1104961396 44.6020511702 42.9861242506 
5.30938500808 44.9259652002 43.465625197 
5.69143826659 44.6215173005 44.8413822071 
4.68214214423 45.1898866854 45.8335145314 
4.24663862655 46.4254059217 45.596861033 
3.3415834366 47.1075017008 46.5171767494 
1.98451143902 46.4137433918 46.5728900455 
1.48497385494 45.9904556111 45.4138103968 
0.195928629127 45.3091963842 45.3389182211 
0.22352622788 43.9894682397 46.1028586418 
1.28336497517 43.2089726609 45.9034985244 
1.44570088002 41.942770418 46.6118342504 
1.59932835203 42.1653563528 48.1128016288 
2.411607599 43.1511531583 48.4877457027 
2.68543884278 43.4238378076 49.8955880584 
1.43264089178 43.9079536624 50.6182069775 
0.617540461712 44.7024930637 49.9279212369 
-0.653384675689 45.1614687296 50.4805976339 
-1.59241577294 43.990804999 50.7522886305 
-1.64542185754 43.0421545742 49.8198570234 
-2.43149276316 41.8264675341 50.008425628 
-1.89030819826 40.9927209849 51.165160225 
-0.566298597441 40.9442408122 51.2948684557 
0.0688802232709 40.2402693376 52.4049732234 
-0.347192395476 40.8348321266 53.7464006851 
-0.225305235769 42.1541626167 53.8755771284 
-0.530897780502 42.8318094002 55.1320677174 
-2.00505693034 42.6849161244 55.4944571981 
-2.86321496297 42.6173488957 54.478989111 
-4.30703874324 42.6258511755 54.6950010773 
-4.86428537668 41.2075935783 54.7588019149 
-3.98001293737 40.21658479 54.6685810198 
-4.38727212057 38.8171620239 54.7529400521 
-5.35398074559 38.4546657209 53.6303894591 
-5.20597106099 39.1124656062 52.4825356273 
-5.88918684317 38.6888851865 51.2638657008 
-5.11120761841 37.5895016474 50.5482169537 
-5.15231775961 36.3776865739 51.0977532668 
-4.19488692767 35.338172917 50.7315591572 
-4.29283732685 34.9946380895 49.2488459311 
-5.51571460223 34.7843191063 48.7666498401 
-5.73598660271 34.4230232326 47.369400362 
-5.22624506635 35.5114839301 46.4305362368 
-5.42449218812 36.7701496988 46.8160677359 
-4.89533198651 37.8968271908 46.0532126534 
-3.37024260003 37.8894940019 46.0433355559 
-2.76919702114 37.6416487533 47.2050123269 
-1.31682749098 37.5350773979 47.3080941436 
-0.770461561985 36.4850463199 46.346341589 
-1.36810382763 35.2956167081 46.3623695695 
-0.964111783229 34.2236330713 45.4573822341 
-1.14609396001 34.6335276663 43.9996724284 
-2.28984498902 35.240762496 43.6910052601 
-2.62833292287 35.580563534 42.3121210228 
-1.64218018996 36.5902493834 41.7341190833 
-1.08174521168 37.4350666827 42.5968892389 
-0.222010653636 38.5271816945 42.1502329311 
1.22084356379 38.0617186421 41.984206358 
1.50755938133 36.8417427682 42.4332374066 
2.88190504437 36.353720282 42.4993329286 
3.34587380105 35.8249007449 41.1461397202 
4.64870334541 35.5839233946 41.0167524319 
5.21121052275 35.0631748781 39.7742681364 
4.70490320763 33.6535157769 39.4869301985 
4.41990370366 32.8968949989 40.5445105767 
3.98356550529 31.5113015564 40.3992509627 
2.8932511699 31.1669341987 41.408545143 
1.65384770584 31.5379794542 41.0948885682 
0.582593000378 31.544660177 42.0867198495 
0.440507148993 30.1812935541 42.7553692581 
0.417310701677 29.122722796 41.9484827419 
0.0580438276925 27.7949662421 42.43771726 
1.10080500547 27.2664635592 43.4171982497 
2.36472159037 27.6141300337 43.1852093186 
3.43960578866 27.2507175534 44.1038582702 
3.24722144186 27.9079011487 45.4666300613 
2.98724516882 29.213499758 45.4658657227 
2.75104139467 29.9477539762 46.7053975242 
1.55133133644 29.3851498507 47.4605275417 
0.457184040772 29.1421051718 46.7422330654 
-0.755713374973 28.6056504793 47.3525254448 
-0.513802487992 27.2162686373 47.9331683549 
0.0979773537706 26.3388112235 47.140722844 
0.346581483345 24.9650574089 47.5677556416 
1.24622155167 24.9235471706 48.7985982866 
2.30025326499 25.7366621351 48.792500974 
3.23432106694 25.7875753249 49.9133425129 
2.52751894516 26.1902427045 51.2034350334 
1.68698454126 27.2195528755 51.1247047149 
0.898770933443 27.6539053317 52.2742341051 
-0.0277239253446 26.5439805772 52.7597475292 
-0.588359227233 25.7842842997 51.8212777111 
-1.64719174011 24.8309330455 52.1396417519 
-1.0706233712 23.5198382292 52.6637107055 
0.251140989845 23.3797210108 52.5896694066 
0.928872944866 22.2092912009 53.1393366004 
0.6579644292 22.065139964 54.6332837099 
0.553222016825 23.19442362 55.3303657901 
0.304515274163 23.1858008461 56.7689175516 
-1.11815578929 23.6346105438 57.0861333605 
-1.65326764457 24.5378140745 56.2675646953 
-2.9976353018 25.0647709153 56.4828613672 
-3.81939383688 25.0230506422 55.198719125 
-4.45715220951 23.8840923988 54.9375403486 
-5.08758702479 23.6390176754 53.643766454 
-6.52890551573 24.1374313827 53.6284774555 
-7.118014143 24.2899169056 54.8124855492 
-8.54066097903 24.5975006901 54.9257496753 
-8.8702567284 25.9352622388 54.2716780813 
-10.0750769723 26.0448105545 53.7161753164 
-10.5045522242 27.2737803821 53.0554599937 
-10.4839816093 28.4553580589 54.0195658037 
-10.8413387442 28.2032613478 55.2769118586 
-10.9132983548 29.2622245502 56.2792986687 
-9.55925119764 29.9387502886 56.4661627655 
-8.48345139219 29.193914851 56.2211098633 
-7.13315203249 29.7040462091 56.4397836008 
-6.77906798385 30.7835308081 55.4222441881 
-7.49590039593 30.8016250128 54.3006382555 
-7.24250684287 31.7786414515 53.2458438906 
-7.70084915062 33.172388072 53.6623071616 
-8.37206752516 33.2598899528 54.8085991357 
-8.80370133446 34.5465619794 55.3466771201 
-8.31192077523 34.7398858797 56.7773506399 
-7.47589722488 33.8173018789 57.2486036081 
-6.94918918002 33.8846233267 58.6085326594 
-5.90218506773 34.9856115148 58.7414099255 
-5.87754027676 35.6465396025 59.8967205644 
-4.87174663661 36.6680125798 60.1730042535 
-3.59001864635 36.047577515 60.7191568501 
-3.15914467219 34.942990165 60.113838438 
-1.85597883406 34.3606758029 60.4204804912 
-1.53888943031 33.1952549742 59.4891923664 
-0.375707390849 32.5778133073 59.6839981834 
-0.0656366559467 31.3069343107 59.0358598632 
0.602720680008 30.3399727163 60.0076276934 
1.13946180865 29.2421911087 59.4794606003 
1.75223424013 28.2123099812 60.3132563651 
3.08992432115 28.6810803674 60.8761849053 
3.70047014094 29.664037141 60.2180012237 
5.02663894962 30.1361755719 60.6049407018 
5.03952856464 30.6233051365 62.050135365 
4.1189445763 31.5259554809 62.3816824228 
4.10664567011 32.1592969819 63.6970104605 
2.93408862342 31.6643528182 64.5373611114 
1.86772216755 31.2270440434 63.8711782592 
0.615551340018 30.9120936146 64.5525261973 
-0.161691643442 32.1793117826 64.8932613268 
-1.34600482062 32.011538113 65.477581675 
-2.27121640312 33.1249989644 65.6661261703 
-1.69727143753 34.1638473617 66.623951913 
-0.938825828679 33.7030240169 67.6162109914 
-0.595364812748 34.5337634184 68.766544484 
0.688612524749 35.318271047 68.5175486073 
1.40864593969 34.9593186457 67.4569445198 
2.7671527148 35.4528194951 67.2513312415 
2.90214556695 36.1534096627 65.9033700713 
1.78708424534 36.2878376802 65.1887069811 
1.79045343729 36.9321242716 63.8786520191 
1.99930327337 38.4376736645 64.0041579591 
3.10013496309 38.9341040253 63.4438879678 
3.50936123471 40.3192944215 63.6563544163 
2.5757303389 41.2874819024 62.9373305492 
2.05746097743 40.8686374353 61.7848800484 
1.15542542692 41.7075505924 61.0013513973 
-0.20682690522 41.8335310078 61.67547786 
-0.649942938953 40.759979205 62.3261011634 
-1.86195816798 40.8035032414 63.1388036363 
-1.66722899828 41.6758155435 64.3746032833 
-0.490513797197 41.5812251741 64.989883685 
-0.148317726941 42.4356549235 66.1231145615 
-0.126054473354 43.9061571326 65.719163364 
0.454242219544 44.1947311993 64.556340621 
0.418313793099 45.542559759 63.9964943131 
-1.01451259171 45.9915120531 63.7291006752 
-1.84659301975 45.0700684833 63.248725942 
-3.25442744752 45.3653652655 62.9994016528 
-3.95854907153 45.8159297398 64.2750400665 
-3.77019798185 45.0623751237 65.356176174 
-4.33948726373 45.4249655394 66.650702524 
-3.72553361169 46.7160594378 67.181914749 
-2.42039320038 46.8816163862 66.9785053614 
-1.72841938272 48.0969292528 67.397489178 
-2.32742351121 49.3311423411 66.7311851361 
-2.63437594942 49.2202933434 65.4405772655 
-3.18868300339 50.3408006852 64.6865430796 
-4.66296507714 50.5521006764 65.015014768 
-5.38913496275 49.4557819481 65.2222308833 
-6.7950245231 49.5304584757 65.6085707946 
-6.96310593837 50.2439463621 66.9460058934 
-6.08628594599 49.935374209 67.8989727882 
-6.1002638822 50.6027704995 69.1973361331 
-5.70663284959 52.0705578861 69.0680930781 
-4.99156917564 52.4022630412 67.9953248797 
-4.50247287925 53.7627086861 67.7920196242 
-5.60390059927 54.671220424 67.2558178255 
-6.71255329948 54.0721718097 66.8266256502 
-7.86304748738 54.8376147677 66.3556471281 
-8.46966066797 55.6709007384 67.4797929858 
