rmsd: 0.0828890584386
300
10.1343329606 -8.24758350394 33.3930479129 
9.59402584217 -7.68939228968 32.1569850695 
8.49479922367 -8.5778637946 31.5839508685 
7.50458277392 -7.9604172984 30.9433205677 
6.45698045889 -8.70661788137 30.2526146634 
6.16557655811 -8.10795450393 28.8804867917 
5.99687513481 -8.96922950911 27.8795266673 
5.55937011127 -8.53047771318 26.5576163894 
4.33300078869 -9.31012866892 26.0947863546 
3.34304368825 -8.59875373921 25.5598969978 
2.07962997862 -9.21763278889 25.1698520171 
1.59720154713 -8.68722776506 23.8237531023 
1.33313946109 -9.59528032244 22.8867964634 
0.880494774892 -9.21005491738 21.5533517731 
-0.499185451759 -8.5620255171 21.6042373102 
-0.65479926981 -7.43894067772 20.9066408949 
-1.95491922192 -6.78556861527 20.7876718869 
-2.98340109057 -7.71409825337 20.1504068508 
-4.19757323551 -7.72063500694 20.6962266458 
-5.37820699861 -8.11294839199 19.9323191304 
-5.87473925213 -6.96766164655 19.0560640527 
-6.29459701725 -7.29191121213 17.8350981843 
-6.68483685861 -6.27381260488 16.8642487321 
-8.0993299516 -6.51628280064 16.3480448351 
-8.97231126133 -5.52570226828 16.5178382894 
-10.337092073 -5.61205206581 16.0066850685 
-10.6760105577 -4.41011926196 15.1311619306 
-11.208911324 -4.67344705471 13.9400065158 
-11.5079727203 -3.61179494525 12.9835455148 
-12.9791376512 -3.62872778276 12.581754531 
-13.6662276553 -2.50824660515 12.7929540392 
-15.1205419768 -2.46768369163 12.6717720653 
-15.6114786563 -1.05276535108 12.3836119784 
-16.8688009652 -0.9337168665 11.9627271424 
-17.4511087227 0.36778264384 11.6490756369 
-18.6218762754 0.686177210701 12.5731845085 
-18.780246677 1.96325646015 12.9140120043 
-19.890774036 2.39892912667 13.7556050647 
-20.4372508295 3.74626590903 13.2950665991 
-21.7562028323 3.91020440847 13.3703378301 
-22.3749737853 5.22257488433 13.2085762506 
-22.7559816451 5.82358007376 14.557529453 
-22.2168653545 7.00347665823 14.8564837144 
-22.5526356032 7.70800554551 16.0902818964 
-24.0471911985 8.00138876547 16.1695209536 
-24.6938424875 7.51339577177 17.2258736049 
-26.1441586441 7.62199158869 17.352958463 
-26.6257706453 9.0257974558 17.0016353396 
-25.8847897963 10.0377613462 17.4477882744 
-26.3438010432 11.4207016713 17.3575369636 
-26.1334855197 11.9820109907 15.9551289638 
-25.4807193936 11.2036634147 15.0947526444 
-25.2145640087 11.6320036115 13.7246991587 
-25.0952714602 10.4362733157 12.7855254171 
-26.2155863277 9.76180132259 12.5362101478 
-26.1888178158 8.37734641431 12.0736859642 
-25.7759419366 8.2926233228 10.6079423046 
-25.9119141237 9.40322215178 9.88665333289 
-25.4096822601 9.49399277972 8.51885056383 
-23.9092779212 9.22629221562 8.46252830372 
-23.1870534077 9.6701715237 9.48894872797 
-21.7307130656 9.56873552726 9.50095344407 
-21.2776467379 8.17456677032 9.92175428686 
-20.0994653453 7.76618641487 9.45561046075 
-19.6279137909 6.39950559918 9.65854701815 
-18.1385431257 6.37201508623 9.98575988842 
-17.7760216015 5.65518927032 11.0473223546 
-16.4039871041 5.66601351795 11.5460855653 
-15.7261444097 4.31742229058 11.3272706837 
-14.4988895915 4.34529421758 10.8122515167 
-13.6614839287 3.15038290615 10.7643007046 
-12.7874566962 3.03818773187 12.0091049498 
-12.9498824485 1.94646609879 12.7533748782 
-12.2863995882 1.79478466677 14.0449412931 
-11.2500423229 0.676546086738 14.0055069683 
-10.0942693619 0.914873530477 14.6215953284 
-9.15583328453 -0.159824336729 14.9309863265 
-8.81435948492 -0.184030138724 16.4172092884 
-9.35806866996 -1.16344544395 17.1364463546 
-9.13230722814 -1.2731632407 18.5746237926 
-8.02928977646 -2.27957456049 18.8853290002 
-6.90038367665 -1.78744815291 19.3908570332 
-5.71949625926 -2.62385918825 19.5839426467 
-5.3832356604 -2.77137440149 21.0642186482 
-5.72668783579 -3.9212760752 21.6403633518 
-5.89341910443 -4.03320607046 23.0864037824 
-4.86526633549 -4.98504541916 23.688859347 
-4.44657287024 -4.70563544377 24.9212561269 
-3.89964450867 -5.73821437153 25.7964764945 
-2.38601286229 -5.84653576766 25.6440472206 
-1.78360763514 -4.86413110341 24.9775901753 
-0.402377871152 -4.9840199365 24.5202155219 
0.571075150253 -4.41761127277 25.5486217695 
1.78360074125 -4.96592459379 25.5848180197 
2.89699889342 -4.31710420066 26.2709209413 
4.23633612793 -4.87234102481 25.7977013192 
5.09000686098 -3.99738098155 25.2705702373 
5.19917482707 -2.63307409523 25.7786151584 
4.33884571455 -1.67075809416 24.9663155206 
4.21119227143 -0.43614268248 25.4475694651 
3.3081569112 0.534333159027 24.8359614648 
3.75035722123 0.883443776834 23.418700151 
5.057822806 0.831152689676 23.1738014736 
5.60637597294 1.18001330817 21.8666112584 
4.86947406165 0.453040046181 20.7465512517 
4.26394892192 1.21655831398 19.8396029978 
3.42590974623 0.641666112173 18.7914857033 
3.44541570018 1.50394731389 17.5336543886 
3.09497384685 0.905864802391 16.3971405117 
2.69187284032 1.67198045047 15.2215823638 
1.37713691603 1.15326074559 14.6484782839 
0.433911351316 2.06132405748 14.4078072822 
-0.908102476205 1.67647710087 13.9808971354 
-1.4234894097 2.59875394527 12.8809740925 
-1.77886928995 2.01881074154 11.7366196908 
-2.37444098978 2.78235470962 10.6440742566 
-3.72319053837 2.20006032042 10.2343708653 
-4.6191084427 3.0578146096 9.75087871084 
-5.74021463733 2.61167610474 8.92902598586 
-5.39921062987 2.68277068868 7.44419912849 
-5.77638689844 1.6474661462 6.69716596851 
-5.43625800572 1.56176374341 5.28001107182 
-6.68546576962 1.62547471873 4.40738867721 
-6.61466671014 2.39408249318 3.32276636617 
-7.63440773388 2.34149681422 2.2793471994 
-7.04957564444 1.84847678735 0.959895931028 
-7.47310967837 0.662672540506 0.527850579666 
-6.82844083413 -0.0196063118801 -0.590298880636 
-5.31850713256 -0.100688229328 -0.391364447042 
-4.89699432331 -0.490263073771 0.809774332439 
-3.48179025922 -0.71594385491 1.08838913597 
-2.76185672383 0.594935999177 1.38728490724 
-3.41356581824 1.71459084057 1.08097743466 
-2.80704416424 3.02920432875 1.26881626627 
-3.04135818069 3.5484922437 2.68355510168 
-1.95812587681 3.88340968032 3.38113238188 
-2.05772734187 4.52901210787 4.68675009792 
-2.96341067312 5.75476226826 4.62910274638 
-4.00562097244 5.76359122554 5.45729095981 
-4.81334445179 6.96293740526 5.65856711045 
-4.13158925999 7.93343773814 6.61741429935 
-3.85039464799 9.14338831283 6.13874408684 
-3.03585341434 10.0936776435 6.89029803263 
-3.87705029324 10.8601764453 7.90563855045 
-5.12366061007 11.1551016882 7.54348140994 
-6.01792087239 11.9063102826 8.4194636002 
-6.81945349484 10.9736085472 9.32149569347 
-6.27895113575 10.6779795456 10.5015959725 
-7.0130610278 9.92201541004 11.5120223473 
-7.31992855685 10.7841823553 12.7320835947 
-8.5876728816 11.157114979 12.8930853358 
-8.95612412342 12.2517839924 13.7860041453 
-8.92429333053 11.8088973531 15.2450748066 
-9.07539733737 10.506340439 15.4746157395 
-9.1339675333 9.96979379964 16.8310993563 
-7.9550234527 9.04329943235 17.1099326605 
-7.33485598625 9.20466732927 18.2767782761 
-6.35218255554 8.23981444812 18.761311467 
-6.2990227365 8.223687188 20.2854384022 
-7.02670810819 7.29104814661 20.8960400674 
-7.25242467238 7.31860249703 22.3381403958 
-6.52453498383 6.17261219992 23.0330733491 
-5.54009157295 6.50990073335 23.8633043961 
-4.68324458204 5.50369826965 24.4835707928 
-4.88758072365 5.45966294595 25.9943178269 
-5.01994629832 4.25337831086 26.5416136419 
-5.16740851788 4.07894601702 27.9835529039 
-4.45167132355 2.82068453273 28.463706291 
-4.31947981238 2.67757916429 29.7806050089 
-3.76806227062 1.45949335944 30.3667502413 
-4.61898794722 0.975024632235 31.536051107 
-4.58593012578 -0.330375668634 31.7949202057 
-5.31299436096 -0.905851195448 32.9225575955 
-4.39221349339 -1.12798255486 34.1179107744 
-4.77585781898 -2.04687903777 35.0014390764 
-4.1467202483 -2.15627653382 36.3142904282 
-2.80327254663 -2.8726667093 36.2249463815 
-2.66468071793 -3.75580190458 35.2385182253 
-1.42151588839 -4.49571875139 35.0424956933 
-0.628053461303 -3.94019127611 33.8644228728 
-0.90453246378 -2.69075217398 33.497493361 
-0.0373786477874 -1.95115751136 32.5851312831 
-0.0931909652197 -2.53319345794 31.1765262599 
-1.12627741969 -3.32639470322 30.9013169987 
-1.62264906534 -3.49181562079 29.5383747123 
-2.13021501532 -2.17015790735 28.9712356956 
-1.85165896329 -1.92558246327 27.6926562677 
-2.28503917218 -0.695558165452 27.0364684989 
-3.41143520555 -0.966129581832 26.0444644394 
-4.19493113939 0.0656744302548 25.7383752732 
-5.39846625489 -0.100660528947 24.9289331976 
-5.61321542543 1.0947542792 24.0064825487 
-5.52652999207 0.86009798896 22.6989665693 
-5.62248895132 1.93855531539 21.7196391267 
-6.92228746082 1.85044750198 20.9266638324 
-7.65605978239 2.95933341588 20.8624284418 
-8.73900299074 3.10568080104 19.8943494073 
-8.39171534471 4.14079058317 18.8294606811 
-8.12213166881 3.67424379969 17.612154345 
-7.73291865704 4.56237892494 16.52078374 
-8.78355743935 4.5721869871 15.4152924825 
-9.48164336248 5.6961249053 15.2682701192 
-10.6906841751 5.74505716155 14.4514552598 
-10.840262039 7.09969904038 13.7668964149 
-11.5913147724 7.1310992244 12.6682109297 
-11.8260975236 8.37247480331 11.9366206766 
-12.9438227365 8.20689374645 10.9122563705 
-13.7355827031 9.25976979594 10.7205687208 
-14.8008567944 9.24488132108 9.7224054023 
-14.3167967395 8.64369210357 8.40699430409 
-15.1533447539 7.81230575057 7.78961263357 
-14.9065861991 7.35014013087 6.42694109488 
-16.214152799 7.12412141251 5.67512057425 
-16.1198700159 6.94026607854 4.36002211849 
-17.3048870812 6.77947746681 3.52262009796 
-17.1675292158 5.57547350177 2.59657677375 
-17.25783705 4.37492857581 3.16465454236 
-16.9119497076 3.15649329877 2.4386118516 
-17.8087383032 2.96649297309 1.21971109257 
-17.2409436061 2.43082809102 0.141356655782 
-18.0387222267 1.87423471387 -0.947272597762 
-17.8120142246 0.372454507119 -1.08622820825 
-18.6336328996 -0.27968034766 -1.90588597789 
-18.562785531 -1.72893054174 -2.06717792457 
-17.1668082264 -2.1693890071 -2.49530486219 
-16.4688576562 -1.30437449938 -3.22796500056 
-15.2937649238 -1.71876542468 -3.98875261732 
-14.0056270659 -1.33016689537 -3.27060151092 
-14.1178930394 -0.437801608311 -2.28914518431 
-12.9784270144 -0.0721309908325 -1.45292586849 
-12.7548238646 -1.0965803369 -0.34542682196 
-11.491049245 -1.3326674925 -1.03469678745e-05 
-11.1478429935 -2.31769911654 1.02140178107 
-10.3486108656 -1.68273721776 2.15458330323 
-10.9196472131 -1.68164894152 3.35711907438 
-10.2933588437 -1.02607441107 4.50138542451 
-9.6194120683 -2.04114500873 5.41870564946 
-8.61801266955 -1.59000900001 6.17093667858 
-7.88958513689 -2.46759192971 7.08231042074 
-7.14524024442 -1.66535069196 8.14457622872 
-6.57792271422 -2.36194952782 9.12695948243 
-5.72691535329 -1.72267030655 10.1261937471 
-4.38156658779 -2.43182556786 10.2410174547 
-3.29680149821 -1.68313562304 10.054137701 
-1.95500849015 -2.25736444032 10.0889709558 
-1.25712846043 -1.95063215346 11.4099280852 
-0.822481800898 -2.99635068711 12.1097359196 
-0.134047885969 -2.83039260294 13.3864023701 
1.27625829039 -3.40848594294 13.3326106559 
2.24571686382 -2.66102236762 13.8557017124 
3.56544057504 -3.21314294464 14.1469966852 
3.91343959228 -3.06230368981 15.6242215065 
4.48451179579 -4.11202132594 16.2108605762 
4.89910046401 -4.07528660576 17.6101916175 
5.93214956151 -5.15683363828 17.9087122163 
6.82561237192 -4.88054657417 18.8561116252 
7.94881817949 -5.77132403019 19.1323086643 
7.55292320515 -7.23266773558 18.9484861593 
6.33676086121 -7.57646250787 19.3667328367 
5.93856924426 -8.97508182657 19.495837462 
5.56274798982 -9.56949690103 18.1425163349 
5.4971788732 -8.72177838471 17.1181872943 
5.05821404115 -9.15320206603 15.7943504274 
6.19592070317 -9.07274624162 14.7818291284 
6.65311352597 -10.2296761471 14.3078419007 
7.82713499967 -10.2919914908 13.4423068385 
7.56533752826 -9.60477796629 12.1061748746 
6.31178126555 -9.63208118974 11.6589308634 
5.88733397902 -8.82258081513 10.5205485852 
4.61974273597 -8.03807745806 10.8427533223 
4.46365484486 -6.87556757431 10.2131635227 
3.26211448591 -6.06513001719 10.3888117466 
2.00025934273 -6.90829185977 10.2376539674 
1.13268213701 -6.86645802582 11.2464828418 
-0.167450321853 -7.52564206071 11.1659063919 
-1.20013979773 -6.62941587174 10.490347339 
-1.79902448319 -7.1228347491 9.40865841868 
-2.91239075904 -6.43004839159 8.76692392109 
-4.23074529299 -7.15590256976 9.01416065813 
-5.22136376357 -6.4308304038 9.52906004176 
-6.53836990404 -7.00643896897 9.78504865946 
-7.62724624651 -6.25189908919 9.02935900758 
-8.3136854406 -6.94652571104 8.12466510112 
-9.27024742309 -6.30239237343 7.22943217961 
-10.5223730684 -5.86425230129 7.98193707319 
-11.1554483358 -4.79256031946 7.50984812264 
-12.5709062876 -4.558656182 7.78027039972 
-13.4540600626 -5.42707720125 6.89036404935 
-14.0087918185 -6.4935024717 7.46236562005 
-14.8145168358 -7.44042721257 6.6971850542 
-16.1465278469 -6.82380572204 6.28297064966 
-16.6523480283 -7.22711944437 5.11950171548 
-17.9054893115 -6.68659017484 4.60101777165 
-19.0710267452 -7.0039968275 5.53205186165 
-19.5772537454 -5.98323308046 6.22049326977 
-20.6932669646 -6.16160872254 7.14464541712 
-20.2988314299 -5.7788589401 8.56730918002 
-19.0015119459 -5.58269263248 8.79238008352 
-18.4848721904 -5.34757309842 10.137431285 
-18.4043537923 -3.85598566063 10.4452180168 
